instance61_nreq1000_nveh20_gamma879
27 1027 177 1177 586 1586 409 1409 547 1547 808 1808 312 1312 450 1450 862 1862 55 1055 622 1622 118 1118 167 1167 379 1379 283 1283 285 1285 26 1026 662 1662 8 1008 981 1981 309 1309 832 1832 608 1608 405 1405 565 1565 50 1050 297 1297 728 1728 973 1973 844 1844 346 1346 264 1264 382 1382 704 1704 683 1683 172 1172 442 1442 952 1952 474 1474 414 1414 74 1074 65 1065 485 1485 800 1800 850 1850
501 1501 484 1484 77 1077 456 1456 407 1407 527 1527 976 1976 753 1753 351 1351 877 1877 518 1518 223 1223 541 1541 311 1311 517 1517 794 1794 277 1277 204 1204 468 1468 680 1680 166 1166 684 1684 343 1343 888 1888 715 1715 219 1219 801 1801 986 1986 278 1278 326 1326 679 1679 941 1941 1000 2000 454 1454 673 1673 709 1709 194 1194 537 1537 322 1322 672 1672 723 1723 777 1777 105 1105 133 1133 740 1740 95 1095 136 1136 691 1691 92 1092 294 1294 932 1932 901 1901 854 1854
653 1653 229 1229 270 1270 853 1853 884 1884 933 1933 678 1678 929 1929 717 1717 130 1130 650 1650 771 1771 617 1617 716 1716 827 1827 435 1435 153 1153 515 1515 352 1352 899 1899 731 1731 649 1649 999 1999 719 1719 269 1269 645 1645 305 1305 227 1227 128 1128 40 1040 449 1449 198 1198 317 1317 488 1488 705 1705 646 1646 76 1076
949 1949 611 1611 551 1551 594 1594 284 1284 430 1430 972 1972 384 1384 464 1464 730 1730 5 1005 88 1088 104 1104 471 1471 746 1746 176 1176 335 1335 497 1497 90 1090 536 1536 196 1196 168 1168 415 1415 809 1809 990 1990 350 1350 381 1381 410 1410 18 1018 58 1058 693 1693 628 1628 793 1793 883 1883 324 1324 655 1655 275 1275 319 1319 114 1114 461 1461 940 1940 779 1779 157 1157 334 1334 609 1609 121 1121 296 1296
533 1533 523 1523 525 1525 792 1792 103 1103 375 1375 246 1246 657 1657 325 1325 685 1685 119 1119 70 1070 131 1131 467 1467 211 1211 437 1437 422 1422 374 1374 87 1087 490 1490 675 1675 106 1106 863 1863 991 1991 581 1581 66 1066 192 1192 596 1596 614 1614 45 1045 207 1207 532 1532 926 1926 448 1448 19 1019 509 1509 710 1710 956 1956 842 1842 28 1028 557 1557 573 1573 376 1376 568 1568 980 1980 259 1259 860 1860 643 1643 682 1682 519 1519
585 1585 170 1170 927 1927 291 1291 98 1098 789 1789 752 1752 802 1802 696 1696 355 1355 667 1667 572 1572 769 1769 739 1739 687 1687 302 1302 107 1107 931 1931 864 1864 856 1856 534 1534 406 1406 602 1602 686 1686 969 1969 688 1688 298 1298 31 1031 553 1553 340 1340 147 1147 242 1242 321 1321 524 1524 613 1613 795 1795 579 1579 313 1313 634 1634 916 1916 300 1300 108 1108 928 1928 144 1144 841 1841 162 1162 979 1979 333 1333 787 1787 290 1290
289 1289 720 1720 23 1023 330 1330 385 1385 743 1743 408 1408 225 1225 127 1127 635 1635 39 1039 895 1895 713 1713 538 1538 920 1920 531 1531 960 1960 61 1061 241 1241 528 1528 10 1010 607 1607 137 1137 138 1138 876 1876 377 1377 516 1516 368 1368 950 1950 576 1576 700 1700 935 1935 445 1445 292 1292 558 1558 279 1279 214 1214 648 1648 336 1336 369 1369 366 1366 971 1971 629 1629 806 1806 898 1898 624 1624
770 1770 276 1276 600 1600 164 1164 152 1152 184 1184 946 1946 831 1831 371 1371 96 1096 261 1261 386 1386 569 1569 878 1878 20 1020 914 1914 993 1993 813 1813 836 1836 231 1231 636 1636 132 1132 762 1762 896 1896 345 1345 271 1271 116 1116 52 1052
230 1230 146 1146 393 1393 425 1425 423 1423 370 1370 778 1778 310 1310 759 1759 237 1237 6 1006 668 1668 141 1141 644 1644 226 1226 71 1071 562 1562 939 1939 669 1669 154 1154 236 1236 623 1623 692 1692 638 1638 459 1459 945 1945 389 1389 857 1857 113 1113 17 1017 15 1015 942 1942 663 1663 786 1786 861 1861 363 1363 934 1934 825 1825 823 1823 53 1053 479 1479 413 1413 902 1902 303 1303 913 1913 81 1081 964 1964 810 1810 418 1418 905 1905 963 1963 785 1785 820 1820 179 1179 948 1948 34 1034 837 1837 819 1819 42 1042 776 1776 721 1721
4 1004 220 1220 185 1185 984 1984 961 1961 94 1094 304 1304 938 1938 337 1337 826 1826 365 1365 89 1089 514 1514 970 1970 32 1032 566 1566 821 1821 811 1811 193 1193 745 1745 190 1190 852 1852 239 1239 80 1080 86 1086 559 1559 889 1889 480 1480 391 1391 315 1315 320 1320 169 1169 958 1958 520 1520 148 1148 775 1775 280 1280 965 1965 481 1481 690 1690 887 1887 79 1079 112 1112 619 1619 797 1797 232 1232 11 1011 858 1858 97 1097 818 1818
46 1046 959 1959 491 1491 100 1100 839 1839 281 1281 796 1796 347 1347 265 1265 580 1580 830 1830 308 1308 155 1155 880 1880 306 1306 859 1859 434 1434 843 1843 338 1338 909 1909 726 1726 69 1069 591 1591 38 1038 783 1783 698 1698 125 1125 868 1868 344 1344 357 1357 727 1727 247 1247 416 1416 529 1529 630 1630 625 1625 577 1577 394 1394 664 1664 873 1873 295 1295 954 1954 222 1222 947 1947 998 1998 424 1424 477 1477 441 1441 639 1639 395 1395 659 1659 200 1200 469 1469 882 1882 592 1592 641 1641 397 1397 919 1919 452 1452 513 1513 431 1431 708 1708
953 1953 757 1757 540 1540 388 1388 855 1855 267 1267 253 1253 151 1151 140 1140 510 1510 604 1604 735 1735 805 1805 781 1781 545 1545 499 1499 149 1149 187 1187 542 1542 756 1756 598 1598 982 1982 804 1804 307 1307 429 1429 13 1013 621 1621 224 1224 845 1845 992 1992 359 1359 881 1881 874 1874 556 1556 476 1476 570 1570 560 1560 205 1205 110 1110 60 1060 957 1957 988 1988 910 1910 453 1453 835 1835 262 1262 838 1838
54 1054 908 1908 741 1741 508 1508 506 1506 202 1202 788 1788 29 1029 703 1703 401 1401 975 1975 632 1632 470 1470 48 1048 482 1482 867 1867 681 1681 396 1396 601 1601 924 1924 212 1212 475 1475 22 1022 870 1870 677 1677 760 1760 268 1268 465 1465 134 1134 587 1587 234 1234 16 1016 301 1301 287 1287 764 1764 460 1460 478 1478 293 1293 872 1872 274 1274
736 1736 603 1603 661 1661 486 1486 911 1911 967 1967 288 1288 35 1035 126 1126 790 1790 578 1578 327 1327 584 1584 564 1564 404 1404 263 1263 254 1254 63 1063 165 1165 656 1656 122 1122 631 1631 213 1213 403 1403 816 1816 30 1030 983 1983 318 1318 799 1799 978 1978 618 1618 64 1064 463 1463 689 1689 652 1652 1 1001 512 1512
706 1706 364 1364 616 1616 610 1610 925 1925 180 1180 530 1530 99 1099 755 1755 250 1250 67 1067 734 1734 552 1552 12 1012 160 1160 966 1966 987 1987 228 1228 7 1007 163 1163 412 1412 266 1266 217 1217 56 1056 995 1995 923 1923 917 1917 504 1504 156 1156 493 1493 256 1256 697 1697 912 1912 75 1075 503 1503 245 1245 221 1221 597 1597
660 1660 814 1814 890 1890 829 1829 329 1329 316 1316 62 1062 33 1033 244 1244 875 1875 372 1372 733 1733 834 1834 846 1846 455 1455 457 1457 428 1428 421 1421 3 1003 695 1695 331 1331 732 1732 73 1073 571 1571 21 1021
511 1511 724 1724 996 1996 563 1563 871 1871 822 1822 111 1111 208 1208 175 1175 915 1915 807 1807 749 1749 426 1426 117 1117 666 1666 754 1754 251 1251 249 1249 744 1744 803 1803 847 1847 768 1768 299 1299 590 1590 714 1714 543 1543 891 1891 651 1651 439 1439 848 1848 109 1109 962 1962 722 1722 758 1758 833 1833 495 1495 181 1181 671 1671
444 1444 729 1729 763 1763 751 1751 9 1009 243 1243 550 1550 367 1367 398 1398 433 1433 496 1496 139 1139 817 1817 985 1985 784 1784 440 1440 353 1353 761 1761 85 1085 989 1989 627 1627 483 1483 766 1766 828 1828 738 1738 248 1248 201 1201 707 1707 115 1115 711 1711 583 1583 145 1145 812 1812 866 1866 286 1286 387 1387 206 1206 36 1036
747 1747 702 1702 183 1183 906 1906 670 1670 341 1341 72 1072 626 1626 815 1815 472 1472 588 1588 466 1466 633 1633 332 1332 44 1044 742 1742 91 1091 427 1427 51 1051 451 1451 240 1240 791 1791 903 1903 342 1342 712 1712 951 1951 323 1323 922 1922 654 1654 43 1043 417 1417 82 1082 161 1161 718 1718 354 1354 658 1658 252 1252 561 1561 900 1900 498 1498 203 1203 699 1699 894 1894 798 1798 885 1885 24 1024 526 1526 215 1215 701 1701 258 1258 748 1748 390 1390
339 1339 642 1642 462 1462 186 1186 380 1380 47 1047 840 1840 216 1216 824 1824 349 1349 918 1918 360 1360 549 1549 233 1233 178 1178 135 1135 505 1505 188 1188 544 1544 539 1539 328 1328 273 1273 447 1447 612 1612 159 1159 255 1255 37 1037 665 1665 348 1348 865 1865 282 1282 373 1373 358 1358 123 1123 436 1436
