instance61_nreq2000_nveh40_gamma1829
1440 3440 1707 3707 1812 3812 228 2228 1602 3602 1892 3892 1873 3873 405 2405 1996 3996 1527 3527 554 2554 1894 3894 443 2443 1406 3406 66 2066 1541 3541 600 2600 384 2384 610 2610 1008 3008 666 2666 1237 3237 254 2254 1910 3910 1695 3695 1293 3293 305 2305 1316 3316 20 2020 131 2131 1920 3920 1720 3720 328 2328 354 2354 1610 3610 1580 3580 1491 3491 122 2122 1987 3987 727 2727 1937 3937 103 2103 1860 3860 158 2158 170 2170 1202 3202 1341 3341
1985 3985 194 2194 736 2736 349 2349 1059 3059 1826 3826 1772 3772 1686 3686 616 2616 492 2492 1740 3740 1021 3021 1487 3487 872 2872 1794 3794 1734 3734 1107 3107 322 2322 1208 3208 1952 3952 1254 3254 1992 3992 1818 3818 273 2273 449 2449 1512 3512 1844 3844 697 2697 1199 3199 532 2532 1514 3514 972 2972 1473 3473 137 2137 235 2235 935 2935 1348 3348 1862 3862 1429 3429 111 2111 969 2969 119 2119 1149 3149 1941 3941
760 2760 120 2120 1261 3261 675 2675 1347 3347 1143 3143 1111 3111 242 2242 379 2379 82 2082 1908 3908 579 2579 1198 3198 1238 3238 943 2943 245 2245 418 2418 239 2239 1176 3176 661 2661 1471 3471 1314 3314 329 2329 317 2317 1678 3678 362 2362 1216 3216 768 2768 306 2306 1102 3102 1489 3489 519 2519 544 2544 1885 3885 1891 3891 1172 3172 47 2047 1075 3075 706 2706 1420 3420 1273 3273 632 2632 731 2731 61 2061 321 2321 1855 3855 356 2356 13 2013 1792 3792 884 2884 814 2814 1897 3897 1093 3093 132 2132
1185 3185 1153 3153 422 2422 887 2887 1591 3591 588 2588 426 2426 413 2413 1012 3012 979 2979 1148 3148 772 2772 937 2937 1679 3679 337 2337 232 2232 577 2577 468 2468 129 2129 628 2628 309 2309 568 2568 986 2986 472 2472 869 2869 1335 3335 725 2725 1709 3709 1431 3431 461 2461 1938 3938 1684 3684 104 2104 162 2162 396 2396 172 2172 1529 3529 1751 3751 1014 3014 1363 3363 1326 3326 1564 3564 28 2028 1806 3806 874 2874 15 2015 35 2035 938 2938 448 2448 956 2956 698 2698
1138 3138 693 2693 1633 3633 955 2955 75 2075 1337 3337 870 2870 1167 3167 1025 3025 771 2771 1994 3994 1353 3353 1653 3653 1786 3786 343 2343 1729 3729 455 2455 65 2065 1756 3756 1370 3370 1976 3976 1158 3158 1817 3817 1229 3229 1854 3854 1427 3427 181 2181 721 2721 89 2089 1703 3703 1484 3484 1315 3315 1775 3775 769 2769 486 2486 713 2713 1732 3732 307 2307 1026 3026 18 2018 67 2067 1879 3879 971 2971 804 2804 424 2424 866 2866 965 2965 1593 3593 234 2234 246 2246 783 2783 1279 3279 810 2810 1018 3018
211 2211 1669 3669 1236 3236 1903 3903 799 2799 98 2098 118 2118 801 2801 1755 3755 1416 3416 1943 3943 1783 3783 1871 3871 1780 3780 576 2576 400 2400 1670 3670 427 2427 794 2794 1063 3063 1386 3386 1535 3535 1423 3423 1297 3297 1000 3000 1944 3944 1219 3219 663 2663 1207 3207 1998 3998 109 2109 340 2340 336 2336 688 2688 420 2420 1312 3312 387 2387 1692 3692 1286 3286 1930 3930 1637 3637
1070 3070 1288 3288 1585 3585 37 2037 1717 3717 1965 3965 1170 3170 1785 3785 1624 3624 285 2285 1636 3636 776 2776 1866 3866 1119 3119 1997 3997 490 2490 1098 3098 190 2190 1331 3331 525 2525 1525 3525 1269 3269 1796 3796 543 2543 1304 3304 605 2605 1916 3916 1184 3184 686 2686 1928 3928 505 2505 1038 3038 1379 3379 1536 3536 57 2057 1023 3023 811 2811 960 2960 1779 3779 390 2390 31 2031 425 2425 1294 3294 267 2267 127 2127 673 2673
271 2271 1019 3019 1284 3284 633 2633 429 2429 1973 3973 1722 3722 780 2780 142 2142 1373 3373 547 2547 1899 3899 953 2953 1069 3069 73 2073 1939 3939 1549 3549 1361 3361 899 2899 96 2096 1296 3296 827 2827 1313 3313 1300 3300 596 2596 300 2300 223 2223 46 2046 722 2722 1513 3513 227 2227 966 2966 854 2854 404 2404 493 2493 51 2051 487 2487 831 2831 1403 3403 21 2021 1797 3797 1433 3433 179 2179 367 2367 843 2843 475 2475 1504 3504 206 2206 1060 3060
1031 3031 1100 3100 669 2669 987 2987 1485 3485 1461 3461 717 2717 1409 3409 1174 3174 1510 3510 1519 3519 1311 3311 1932 3932 481 2481 617 2617 107 2107 79 2079 945 2945 8 2008 739 2739 399 2399 521 2521 898 2898 123 2123 392 2392 802 2802 1077 3077 1675 3675 704 2704 1721 3721 988 2988 1604 3604 682 2682 1739 3739 290 2290 1336 3336 1118 3118 664 2664
412 2412 1404 3404 177 2177 1878 3878 335 2335 1704 3704 1846 3846 1003 3003 620 2620 1518 3518 1607 3607 1378 3378 243 2243 865 2865 1634 3634 657 2657 1187 3187 1418 3418 565 2565 1182 3182 689 2689 1824 3824 1673 3673 383 2383 1130 3130 1442 3442 1849 3849 1805 3805 1121 3121 1521 3521 496 2496 1946 3946 944 2944 1384 3384 1285 3285 1647 3647 407 2407 1642 3642 816 2816 1771 3771 1725 3725 976 2976 514 2514 625 2625 651 2651 592 2592 1974 3974 406 2406 753 2753 645 2645 360 2360
1257 3257 1374 3374 1905 3905 1749 3749 873 2873 1040 3040 1719 3719 606 2606 785 2785 1612 3612 81 2081 1508 3508 746 2746 1226 3226 1645 3645 1309 3309 1242 3242 331 2331 1395 3395 1615 3615 949 2949 668 2668 154 2154 959 2959 320 2320 1618 3618 401 2401 1528 3528 1833 3833 36 2036 428 2428 488 2488 1931 3931 958 2958 1923 3923 1957 3957 342 2342 900 2900 282 2282 975 2975 1832 3832 962 2962 1522 3522 696 2696 1452 3452
1005 3005 469 2469 208 2208 1614 3614 1981 3981 1345 3345 40 2040 1412 3412 536 2536 980 2980 1699 3699 125 2125 813 2813 500 2500 444 2444 1128 3128 1181 3181 1823 3823 1328 3328 1079 3079 946 2946 1500 3500 1507 3507 439 2439 637 2637 252 2252 1715 3715 1766 3766 882 2882 1186 3186 1447 3447 749 2749 32 2032 786 2786 138 2138 445 2445 216 2216 71 2071 868 2868 530 2530 1240 3240 1368 3368 613 2613 931 2931
150 2150 662 2662 12 2012 977 2977 782 2782 1559 3559 1290 3290 852 2852 1714 3714 1051 3051 1477 3477 315 2315 1984 3984 58 2058 723 2723 219 2219 1151 3151 233 2233 1497 3497 602 2602 856 2856 1550 3550 1834 3834 1534 3534 1457 3457 193 2193 1066 3066 1239 3239 1448 3448 1156 3156 364 2364 796 2796 466 2466 1664 3664 1787 3787 1134 3134 1531 3531 1494 3494 382 2382 1437 3437 1164 3164 886 2886 1667 3667 1492 3492
1027 3027 327 2327 1643 3643 548 2548 217 2217 1701 3701 1575 3575 1006 3006 1303 3303 920 2920 1074 3074 1247 3247 824 2824 707 2707 950 2950 1268 3268 1705 3705 1043 3043 1109 3109 1470 3470 1616 3616 512 2512 1702 3702 1017 3017 295 2295 910 2910 904 2904 1638 3638 72 2072 1958 3958 803 2803 302 2302 800 2800 549 2549 1430 3430 660 2660 640 2640 1054 3054 1267 3267 515 2515 845 2845 853 2853 266 2266
29 2029 1919 3919 1056 3056 1646 3646 846 2846 1790 3790 1820 3820 1391 3391 833 2833 1307 3307 591 2591 391 2391 996 2996 9 2009 643 2643 750 2750 91 2091 1357 3357 1120 3120 528 2528 1842 3842 705 2705 1922 3922 1900 3900 95 2095 155 2155 1434 3434 1546 3546 1566 3566 1462 3462 1396 3396 369 2369 1649 3649 1169 3169 264 2264 603 2603 314 2314 983 2983 491 2491 1971 3971
1621 3621 1475 3475 598 2598 497 2497 1640 3640 828 2828 128 2128 1105 3105 78 2078 1628 3628 1367 3367 1681 3681 915 2915 210 2210 489 2489 248 2248 381 2381 839 2839 545 2545 730 2730 1468 3468 261 2261 269 2269 56 2056 1190 3190 351 2351 1881 3881 160 2160 583 2583 1769 3769 1962 3962 1425 3425 1220 3220 1848 3848 1819 3819 450 2450 507 2507 1068 3068 1414 3414 694 2694 984 2984 761 2761 1827 3827 189 2189 797 2797 1650 3650 909 2909 1467 3467 502 2502
990 2990 124 2124 1911 3911 97 2097 1742 3742 215 2215 1366 3366 330 2330 550 2550 1449 3449 729 2729 1441 3441 1801 3801 1263 3263 1024 3024 1445 3445 1410 3410 1953 3953 1532 3532 1162 3162 570 2570 1329 3329 395 2395 1459 3459 1488 3488 1132 3132 4 2004 1588 3588 380 2380 1802 3802 1088 3088 652 2652 1466 3466 534 2534 755 2755 1147 3147 1724 3724 62 2062 1009 3009 1988 3988 1547 3547 1560 3560 1482 3482 531 2531 346 2346 145 2145 1576 3576
936 2936 992 2992 939 2939 152 2152 587 2587 1155 3155 108 2108 752 2752 1898 3898 1672 3672 819 2819 1622 3622 724 2724 1062 3062 563 2563 1597 3597 1463 3463 1617 3617 1090 3090 1762 3762 1474 3474 510 2510 692 2692 1385 3385 244 2244 1553 3553 1758 3758 1191 3191 1305 3305 699 2699 316 2316 473 2473 438 2438 1676 3676 1365 3365 1906 3906 1115 3115 270 2270 553 2553 494 2494 1275 3275
942 2942 1584 3584 1570 3570 1929 3929 879 2879 1804 3804 539 2539 504 2504 985 2985 1028 3028 1990 3990 529 2529 595 2595 1690 3690 1422 3422 1380 3380 970 2970 324 2324 1200 3200 604 2604 1183 3183 594 2594 1921 3921 1274 3274 1125 3125 1411 3411 989 2989 618 2618 940 2940 572 2572 45 2045 298 2298 453 2453 1095 3095 1781 3781 199 2199 63 2063 1587 3587 947 2947 1706 3706 718 2718 790 2790 1859 3859
1623 3623 423 2423 1192 3192 470 2470 23 2023 1419 3419 202 2202 1959 3959 638 2638 903 2903 1165 3165 1499 3499 1738 3738 260 2260 840 2840 738 2738 198 2198 1759 3759 1578 3578 286 2286 1838 3838 1708 3708 359 2359 562 2562 1252 3252 361 2361 1210 3210 1455 3455 1004 3004 1211 3211 312 2312 371 2371 1656 3656 829 2829 1744 3744 1641 3641 1735 3735 224 2224 3 2003 784 2784 1049 3049 681 2681 1399 3399 1533 3533 1889 3889 1831 3831 1767 3767 672 2672
1877 3877 99 2099 690 2690 110 2110 1861 3861 917 2917 1773 3773 929 2929 888 2888 176 2176 823 2823 1748 3748 1836 3836 1978 3978 1178 3178 1586 3586 1405 3405 10 2010 1573 3573 933 2933 1072 3072 1947 3947 126 2126 353 2353 1108 3108 226 2226 376 2376 1857 3857 1281 3281 207 2207 885 2885 1632 3632 1227 3227 710 2710 1375 3375 1011 3011 1256 3256 1568 3568 435 2435 1171 3171 1982 3982 1841 3841 1376 3376 695 2695
1822 3822 1243 3243 982 2982 636 2636 441 2441 101 2101 744 2744 1571 3571 1629 3629 742 2742 541 2541 139 2139 926 2926 1476 3476 648 2648 1358 3358 1408 3408 1909 3909 764 2764 1850 3850 397 2397 1700 3700 711 2711 1814 3814 229 2229 619 2619 1596 3596 1417 3417 630 2630 527 2527 1555 3555 1868 3868 218 2218 159 2159 941 2941 291 2291 1321 3321 1034 3034 1443 3443 279 2279 220 2220 200 2200 1168 3168 59 2059
1047 3047 1292 3292 850 2850 1852 3852 712 2712 257 2257 777 2777 1139 3139 1080 3080 1394 3394 1753 3753 294 2294 622 2622 1444 3444 34 2034 518 2518 1096 3096 1816 3816 842 2842 578 2578 165 2165 1081 3081 1884 3884 677 2677 1736 3736 1697 3697 540 2540 498 2498 454 2454 908 2908 1793 3793 537 2537 1338 3338 895 2895 891 2891 1359 3359 1620 3620 558 2558 1745 3745 1078 3078 1693 3693 1092 3092 860 2860
1611 3611 156 2156 44 2044 459 2459 901 2901 1496 3496 1333 3333 191 2191 1537 3537 102 2102 213 2213 70 2070 1114 3114 135 2135 1498 3498 6 2006 1325 3325 251 2251 932 2932 1173 3173 1435 3435 1071 3071 1605 3605 471 2471 1760 3760 566 2566 1022 3022 1563 3563 1864 3864 1839 3839 1579 3579 1206 3206 818 2818 1123 3123 485 2485 499 2499 1782 3782 479 2479 1086 3086 83 2083 92 2092
1872 3872 968 2968 805 2805 1592 3592 1232 3232 1067 3067 634 2634 1731 3731 1901 3901 685 2685 1524 3524 195 2195 995 2995 386 2386 1342 3342 457 2457 961 2961 679 2679 1727 3727 292 2292 1671 3671 112 2112 464 2464 255 2255 1691 3691 1577 3577 442 2442 318 2318 19 2019 1886 3886 678 2678 1821 3821 293 2293 1346 3346 859 2859 1674 3674 715 2715 639 2639 411 2411 759 2759 580 2580 555 2555 1890 3890 877 2877 921 2921 437 2437 388 2388
876 2876 370 2370 482 2482 344 2344 345 2345 1456 3456 1393 3393 185 2185 1936 3936 1989 3989 1140 3140 1319 3319 1039 3039 621 2621 94 2094 288 2288 1432 3432 1609 3609 1255 3255 948 2948 1248 3248 1451 3451 709 2709 39 2039 430 2430 7 2007 1502 3502 1129 3129 894 2894 1037 3037 231 2231 557 2557 653 2653 352 2352 1935 3935 1658 3658 1784 3784 973 2973 778 2778 599 2599 791 2791 1983 3983 221 2221 511 2511 1454 3454 1401 3401 1045 3045 187 2187 203 2203 1258 3258 674 2674 173 2173 1934 3934 1397 3397 299 2299 1625 3625 775 2775 1980 3980
462 2462 815 2815 1389 3389 1465 3465 133 2133 374 2374 1302 3302 1874 3874 1538 3538 702 2702 52 2052 11 2011 1581 3581 151 2151 788 2788 743 2743 171 2171 1251 3251 683 2683 858 2858 1352 3352 355 2355 84 2084 586 2586 1270 3270 389 2389 1969 3969 240 2240 851 2851 456 2456 575 2575 1746 3746 629 2629 1599 3599 762 2762 691 2691 1438 3438 1539 3539 913 2913 1517 3517 1094 3094 1479 3479 115 2115 1439 3439
1562 3562 1010 3010 861 2861 1945 3945 927 2927 419 2419 793 2793 508 2508 1225 3225 1016 3016 922 2922 1450 3450 114 2114 1131 3131 88 2088 997 2997 178 2178 964 2964 837 2837 1651 3651 77 2077 69 2069 571 2571 1188 3188 556 2556 1680 3680 611 2611 1260 3260 1712 3712 1770 3770 584 2584 703 2703 1967 3967 1970 3970 1152 3152 573 2573 649 2649 1146 3146 1811 3811 1035 3035 1606 3606 765 2765 452 2452 106 2106 1235 3235 1372 3372 1259 3259
1737 3737 495 2495 54 2054 1661 3661 1986 3986 366 2366 1360 3360 641 2641 1317 3317 1542 3542 590 2590 506 2506 700 2700 121 2121 1506 3506 863 2863 1387 3387 1912 3912 1789 3789 14 2014 402 2402 334 2334 1041 3041 551 2551 1807 3807 1688 3688 524 2524 458 2458 1334 3334 241 2241 836 2836 1076 3076 1830 3830 182 2182 1110 3110 1677 3677 1215 3215 1356 3356 175 2175
477 2477 914 2914 1747 3747 880 2880 1291 3291 1655 3655 623 2623 1204 3204 1875 3875 1867 3867 1264 3264 789 2789 1685 3685 1788 3788 1774 3774 1135 3135 304 2304 659 2659 2000 4000 22 2022 1979 3979 432 2432 795 2795 857 2857 1918 3918 635 2635 1320 3320 740 2740 275 2275 196 2196 1065 3065 1710 3710 817 2817 393 2393 1137 3137 1567 3567 597 2597 230 2230 1481 3481 465 2465 484 2484 38 2038 1815 3815 116 2116 1249 3249 476 2476
864 2864 906 2906 1942 3942 655 2655 905 2905 147 2147 978 2978 893 2893 1318 3318 204 2204 993 2993 1639 3639 930 2930 1716 3716 1835 3835 1127 3127 117 2117 1055 3055 1574 3574 1991 3991 1133 3133 701 2701 733 2733 916 2916 1458 3458 1493 3493 268 2268 1503 3503 259 2259 1924 3924 726 2726 303 2303 1364 3364 1265 3265 1073 3073 1272 3272 1112 3112 1778 3778 567 2567 1791 3791 734 2734 1126 3126 1421 3421 774 2774 1058 3058 93 2093 1436 3436 50 2050
394 2394 1501 3501 919 2919 1666 3666 875 2875 889 2889 338 2338 153 2153 552 2552 1301 3301 357 2357 1213 3213 1951 3951 1044 3044 1351 3351 363 2363 1589 3589 1858 3858 188 2188 76 2076 561 2561 1097 3097 1913 3913 1761 3761 1103 3103 1754 3754 911 2911 1161 3161 85 2085 714 2714 26 2026 1282 3282 751 2751 1116 3116 250 2250 68 2068 5 2005 17 2017 1084 3084 410 2410 670 2670 1231 3231 1648 3648
798 2798 1940 3940 1144 3144 1124 3124 1032 3032 1654 3654 1904 3904 1089 3089 1752 3752 263 2263 523 2523 1339 3339 654 2654 1099 3099 1407 3407 1189 3189 680 2680 792 2792 1883 3883 1544 3544 1428 3428 1851 3851 1847 3847 1453 3453 474 2474 883 2883 1968 3968 1180 3180 954 2954 871 2871 262 2262 1863 3863 1975 3975 1776 3776 1289 3289 1083 3083 1763 3763 867 2867 1660 3660 1840 3840 1915 3915 1917 3917 967 2967 237 2237 1726 3726 1845 3845 301 2301 862 2862 1954 3954 589 2589 1543 3543
1856 3856 1354 3354 841 2841 136 2136 277 2277 113 2113 1195 3195 1662 3662 377 2377 1193 3193 1287 3287 214 2214 808 2808 1250 3250 787 2787 708 2708 1262 3262 838 2838 1557 3557 844 2844 1743 3743 436 2436 1810 3810 1050 3050 1956 3956 1446 3446 1036 3036 1750 3750 1972 3972 253 2253 130 2130 1266 3266 1895 3895 999 2999 60 2060 644 2644 1552 3552 1160 3160 1995 3995 1561 3561 1388 3388 1217 3217 1349 3349 1865 3865 1142 3142 256 2256 741 2741
1509 3509 1548 3548 1464 3464 601 2601 974 2974 1179 3179 1157 3157 1925 3925 1295 3295 41 2041 608 2608 1600 3600 581 2581 1800 3800 460 2460 1381 3381 1880 3880 1955 3955 1218 3218 1046 3046 878 2878 100 2100 763 2763 1723 3723 358 2358 624 2624 144 2144 925 2925 1472 3472 325 2325 146 2146 49 2049 1768 3768 1966 3966 981 2981 55 2055 934 2934 297 2297 43 2043 1993 3993 1757 3757 758 2758 1825 3825 1626 3626 1515 3515 1683 3683 1594 3594 569 2569 276 2276 719 2719 1882 3882
902 2902 140 2140 1635 3635 646 2646 1222 3222 1876 3876 1595 3595 526 2526 1154 3154 1390 3390 991 2991 1665 3665 281 2281 513 2513 1117 3117 849 2849 1483 3483 538 2538 1324 3324 225 2225 687 2687 564 2564 415 2415 517 2517 766 2766 274 2274 467 2467 832 2832 1569 3569 754 2754 447 2447 1104 3104 1843 3843 451 2451 167 2167 676 2676 848 2848 1392 3392 1253 3253 1106 3106 1350 3350 1308 3308 756 2756 560 2560 1212 3212 385 2385
745 2745 1728 3728 222 2222 1659 3659 1741 3741 247 2247 516 2516 1887 3887 143 2143 615 2615 30 2030 174 2174 1927 3927 280 2280 1369 3369 807 2807 773 2773 1644 3644 748 2748 1798 3798 332 2332 1545 3545 770 2770 341 2341 1907 3907 398 2398 1808 3808 86 2086 924 2924 1194 3194 1053 3053 1150 3150 1323 3323 53 2053 1245 3245 1413 3413 1271 3271 446 2446 952 2952 1101 3101 1523 3523 105 2105 1933 3933 1230 3230 1020 3020
1177 3177 728 2728 1603 3603 1209 3209 533 2533 434 2434 720 2720 907 2907 33 2033 1460 3460 1052 3052 1558 3558 1556 3556 1828 3828 197 2197 1228 3228 149 2149 1276 3276 186 2186 1896 3896 1330 3330 809 2809 1478 3478 1402 3402 609 2609 1583 3583 1002 3002 1163 3163 928 2928 169 2169 184 2184 1424 3424 806 2806
1598 3598 308 2308 272 2272 205 2205 1057 3057 1280 3280 1713 3713 912 2912 1244 3244 373 2373 1520 3520 1343 3343 1657 3657 287 2287 1224 3224 1355 3355 326 2326 1490 3490 501 2501 825 2825 1362 3362 311 2311 542 2542 201 2201 667 2667 148 2148 192 2192 1371 3371 1960 3960 1201 3201 1013 3013 1764 3764 1048 3048 582 2582 180 2180 1590 3590 1795 3795 42 2042 1415 3415 433 2433 283 2283 737 2737 440 2440 1322 3322 236 2236 1278 3278 732 2732
1853 3853 431 2431 847 2847 1613 3613 1001 3001 408 2408 134 2134 1166 3166 835 2835 1631 3631 1765 3765 522 2522 1122 3122 1159 3159 1668 3668 183 2183 574 2574 258 2258 1310 3310 1530 3530 1869 3869 826 2826 1829 3829 821 2821 1064 3064 1141 3141 80 2080 951 2951 735 2735 333 2333 559 2559 1870 3870 284 2284 141 2141 781 2781 1085 3085 1914 3914 650 2650 1893 3893 757 2757 509 2509 535 2535 1964 3964 656 2656 339 2339 1926 3926
