instance61_nreq2000_nveh40_gamma1829
271 2271 968 2968 1144 3144 228 2228 819 2819 1220 3220 980 2980 1901 3901 833 2833 610 2610 1310 3310 1823 3823 513 2513 1370 3370 185 2185 1080 3080 985 2985 1125 3125 1864 3864 245 2245 1184 3184 1151 3151 1688 3688 369 2369 1743 3743 1075 3075 1651 3651 514 2514 53 2053 1066 3066 891 2891 1944 3944 1121 3121 35 2035 1406 3406 1022 3022 667 2667 122 2122 1880 3880 1558 3558 406 2406 32 2032 1126 3126 710 2710 965 2965 1683 3683 913 2913 348 2348 546 2546
936 2936 124 2124 539 2539 552 2552 481 2481 97 2097 702 2702 202 2202 482 2482 679 2679 861 2861 813 2813 878 2878 86 2086 622 2622 1836 3836 737 2737 1065 3065 501 2501 1380 3380 952 2952 1428 3428 1700 3700 988 2988 317 2317 93 2093 1695 3695 1330 3330 80 2080 951 2951 1798 3798 1198 3198 179 2179 1676 3676 614 2614 346 2346 59 2059 68 2068 1982 3982 1402 3402
1138 3138 879 2879 136 2136 152 2152 357 2357 1704 3704 623 2623 752 2752 427 2427 1135 3135 1391 3391 162 2162 292 2292 1976 3976 1827 3827 1886 3886 129 2129 1955 3955 1566 3566 1962 3962 1122 3122 1713 3713 1549 3549 772 2772 792 2792 175 2175 103 2103 442 2442 1697 3697 1352 3352 706 2706 1680 3680 149 2149 1255 3255 6 2006 1615 3615 1130 3130 180 2180 436 2436 967 2967 1273 3273 281 2281 818 2818 605 1030 2605 3030 476 2476 1971 3971 1862 3862 1926 3926
1257 3257 1440 3440 1846 3846 914 2914 929 2929 257 2257 1838 3838 588 2588 373 2373 1885 3885 154 2154 1460 3460 803 2803 774 2774 1484 3484 1439 3439 577 2577 1703 3703 1194 3194 340 2340 169 2169 409 2409 560 2560 479 2479 1939 3939 1230 3230 848 2848 1770 3770 960 2960 1357 3357 911 2911 784 2784 981 2981 1890 3890 983 2983 1376 3376 512 2512 1825 3825 1648 3648
1070 3070 636 2636 955 2955 801 2801 194 2194 1986 3986 1496 3496 992 2992 294 2294 431 2431 1714 3714 165 2165 107 2107 1994 3994 275 2275 96 2096 1296 3296 700 2700 1180 3180 263 2263 178 2178 1077 3077 334 2334 768 2768 599 2599 1089 3089 1739 3739 1616 946 3616 2946 1828 3828 1474 3474 1638 3638 1266 3266 1668 3668 816 2816 376 2376 754 2754 480 2480 1983 3983 43 2043 940 2940 618 2618 553 2553 626 2626 145 2145 517 2517
1749 3749 745 2745 1292 3292 495 2495 101 2101 1025 3025 1311 3311 344 2344 1222 3222 844 2844 141 2141 148 2148 1887 3887 1624 3624 1048 3048 1055 3055 1434 3434 1006 3006 1895 3895 945 2945 1118 3118 664 2664 563 2563 1556 3556 336 2336 15 2015 743 2743 1518 3518 1445 3445 1805 3805 203 2203 594 2594 493 2493 233 2233 1802 3802 1097 3097 1533 3533 1267 3267 387 2387 159 2159 524 2524 668 2668 167 2167 1841 3841 168 2168 716 2716 1980 3980
798 2798 1659 3659 1366 3366 1143 3143 1456 3456 1139 3139 728 2728 1476 3476 1563 3563 366 2366 306 2306 1578 3578 1678 3678 239 2239 961 2961 1252 3252 153 2153 404 2404 280 2280 538 2538 1117 3117 496 2496 865 2865 1442 3442 1528 3528 725 2725 1829 3829 8 2008 1870 3870 1422 3422 1358 3358 600 2600 1363 3363 1063 3063 1702 3702 1793 3793 832 2832 1150 3150 1161 3161 862 2862 1049 3049 1999 3999 562 2562 691 2691 230 2230 1730 3730 764 2764 1029 3029 1186 3186
1603 3603 1742 3742 1592 3592 847 2847 1501 3501 1867 3867 638 2638 405 2405 1074 3074 522 2522 253 2253 628 2628 1301 3301 544 2544 1786 3786 634 2634 413 2413 396 2396 1012 3012 1912 3912 337 2337 783 2783 1795 3795 1824 3824 1331 3331 1778 3778 104 2104 1457 3457 1816 3816 1473 3473 371 2371 721 2721 244 2244 898 2898 411 2411 1146 3146 1750 3750 1840 3840 1441 3441 1801 3801 836 2836 1857 3857 397 2397 1396 3396 126 2126 1071 3071 342 2342 279 2279 475 2475 1494 3494 699 2699 466 2466 173 2173
1005 3005 1731 3731 1612 3612 1753 3753 1244 3244 1729 3729 1360 3360 529 2529 1174 3174 603 2603 1665 3665 1691 3691 160 2160 14 2014 1752 3752 213 2213 343 2343 1908 3908 471 2471 121 2121 1206 3206 391 2391 324 2324 1152 3152 1271 3271 1924 3924 1769 3769 1723 3723 554 2554 750 2750 1353 3353 200 2200 808 2808 1684 3684 492 2492 1085 3085 883 2883 1181 3181 659 2659 654 2654 254 2254 648 2648
150 2150 690 2690 1179 3179 33 2033 906 2906 1548 3548 204 2204 939 2939 742 2742 782 2782 1810 3810 500 2500 838 2838 757 2757 789 2789 20 2020 1182 3182 1129 3129 1407 3407 354 2354 766 2766 57 2057 1617 3617 1251 3251 976 2976 1634 3634 1127 3127 395 2395 629 2629 10 2010 307 2307 1338 3338 467 2467 1845 3845 1833 3833 947 2947 1569 3569 1550 3550 322 2322 1819 3819 1865 3865 1467 3467 64 2064 38 2038 1094 3094 1087 3087 417 2417
905 2905 601 2601 974 2974 1788 3788 1155 3155 536 2536 525 2525 1153 3153 817 2817 1313 3313 758 2758 762 2762 1379 3379 520 2520 1995 3995 1253 3253 1492 3492 71 2071 1095 3095 938 2938 241 2241 364 2364 1879 3879 751 2751 1500 3500 1807 3807 1326 3326 1092 3092 259 2259 1088 3088 877 2877 510 2510 1397 3397 264 2264
1872 3872 1595 3595 1284 3284 1419 3419 120 2120 1167 3167 1925 3925 1747 3747 1162 3162 1274 3274 950 2950 400 2400 746 2746 1339 3339 1593 3593 926 2926 1541 3541 1910 3910 1300 3300 210 2210 956 2956 229 2229 1921 3921 621 2621 591 2591 570 2570 1276 3276 1531 3531 1832 3832 1035 3035 756 2756 1532 3532 1568 3568 240 2240 921 2921 674 2674 1320 3320 3 2003 1974 3974 220 2220 237 2237 1535 3535 95 2095 1106 3106 1350 3350 1706 3706
864 2864 870 2870 1826 3826 1785 3785 1800 3800 828 2828 1670 3670 1264 3264 1661 3661 52 2052 75 2075 657 2657 135 2135 1524 3524 1873 3873 401 2401 927 2927 1319 3319 842 2842 1302 3302 703 2703 1072 3072 1141 3141 1069 3069 139 2139 295 2295 1268 3268 1043 3043 1821 3821 1849 3849 723 2723 1953 3953 612 2612 930 2930 1218 3218 353 2353 811 2811 1090 3090 1744 3744 284 2284 187 2187 1282 3282 435 2435 1249 3249 1650 3650
1621 3621 217 2217 345 2345 272 2272 330 2330 1001 3001 426 2426 422 2422 1449 3449 761 2761 1692 3692 511 2511 949 2949 1726 3726 1211 3211 1109 3109 944 2944 1375 3375 1107 3107 1667 3667 223 2223 192 2192 1142 3142 934 2934 1534 3534 639 2639 26 2026 305 2305 282 2282 1483 3483 487 2487 843 2843 218 2218 1512 3512 1632 3632 1472 3472 740 2740 1093 3093 1403 3403 1735 3735 1949 3949 1964 3964 1906 3906 1993 3993 494 2494 132 2132
760 2760 78 2078 1602 3602 133 2133 1056 3056 1654 3654 490 2490 1622 3622 134 2134 125 2125 873 2873 1789 3789 40 2040 1866 3866 1237 3237 1096 3096 1499 3499 663 2663 1325 3325 1811 3811 1064 3064 895 2895 1060 3060 385 2385 1207 3207 1588 3588 933 2933 1443 3443 288 2288 1149 3149 1863 3863 1112 3112 1159 3159 1547 3547 380 2380 1002 3002 76 2076 1285 3285 109 2109 224 910 2224 2910 372 2372 234 2234 1321 3321 1400 3400 339 2339 1844 3844 1234 3234 1336 3336
1598 3598 462 2462 675 2675 419 2419 335 2335 1669 3669 1585 3585 1021 3021 646 2646 763 2763 893 2893 1140 3140 1295 3295 1238 3238 527 2527 450 2450 1580 3580 1316 3316 1928 3928 953 2953 709 2709 1607 3607 1690 3690 827 2827 1754 3754 1947 3947 1952 3952 184 2184 975 2975 21 2021 72 2072 886 2886 1757 3757 478 2478 1215 1515 3215 3515 909 2909 738 2738 1423 3423 1725 3725 1371 3371 753 2753 885 2885 1781 3781 18 2018 765 2765
1177 3177 1232 3232 1737 3737 110 2110 1636 3636 1646 3646 370 2370 678 2678 616 2616 461 2461 1990 3990 248 2248 1979 3979 1629 3629 504 2504 155 2155 151 2151 341 2341 1712 3712 1417 3417 1557 3557 174 2174 269 2269 704 2704 1099 3099 788 2788 361 2361 201 2201 1038 3038 1013 3013 1169 3169 445 193 2445 2193 597 2597 1101 3101 1644 3644 682 2682 1156 3156 1137 3137 249 2249 92 2092 1792 1599 3792 3599 1349 3349 1084 3084
1509 3509 459 2459 1393 3393 693 2693 1772 3772 977 2977 1404 3404 1098 3098 1062 3062 1559 3559 1975 3975 51 2051 1176 3176 1699 3699 488 2488 1847 3847 565 2565 729 2729 635 2635 1011 3011 687 2687 1386 3386 1605 3605 415 2415 908 2908 986 2986 1758 3758 1660 3660 540 2540 530 2530 1392 3392 578 2578 1323 3323 810 2810 1577 3577 507 2507 188 2188 1116 3116 1625 3625 1203 3203 1246 3246 1399 3399
876 2876 1584 3584 736 2736 44 2044 1640 3640 1876 3876 195 2195 608 156 2608 2156 1459 3459 1848 3848 732 2732 1213 3213 532 2532 715 2715 509 556 2509 2556 1455 3455 329 2329 1839 3839 1108 3108 1083 3083 499 2499 1507 3507 486 2486 1447 3447 531 2531 1448 3448 1896 3896 619 2619 714 2714 932 2932 137 2137 854 2854 236 2236 1656 3656 484 2484 483 2483 692 2692 1053 3053 806 2806 60 2060 299 2299 360 2360
990 2990 1623 3623 1192 3192 142 2142 1333 3333 41 2041 1224 3224 1373 3373 260 2260 113 2113 849 2849 1674 3674 871 2871 888 2888 1166 3166 219 2219 1103 3103 474 2474 677 2677 70 2070 1597 3597 1546 3546 1764 3764 1466 3466 551 797 2551 2797 1957 3957 1410 3410 451 2451 775 2775 786 2786 273 2273 491 2491 1308 3308 256 2256 116 2116 1000 3000 1664 3664 1196 3196
1822 3822 1635 3635 1719 3719 669 2669 1741 3741 1475 3475 1337 3337 727 2727 1527 3527 550 2550 1614 3614 332 2332 1721 3721 304 2304 1488 3488 1708 3708 1783 3783 1715 3715 1662 3662 91 2091 464 2464 1519 3519 1193 3193 1493 3493 1154 3154 333 2333 1163 3163 498 2498 1693 3693 235 2235 1884 3884 1581 3581 425 2425 718 2718 1736 3736 884 2884 1902 3902 1426 3426 1208 3208 1227 3227 1020 3020 1239 3239 209 2209 250 2250 860 2860 1372 3372 962 2962
1853 3853 1031 3031 982 2982 54 2054 82 2082 1911 3911 653 2653 222 2222 1657 3657 869 2869 143 2143 1490 3490 734 1808 2734 3808 935 2935 1346 3346 207 2207 759 2759 602 2602 790 2790 1855 3855 807 2807 580 2580 652 2652 855 2855 1891 3891 1587 3587 866 2866 502 2502 115 2115 1573 3573 1917 3917 637 2637 856 2856 485 2485 705 2705 440 2440 5 2005 1771 3771 13 2013 1429 3429 812 2812 458 2458 881 2881
942 2942 902 2902 1852 3852 901 2901 1959 3959 1280 3280 1794 3794 840 2840 1869 3869 1923 3923 1931 3931 650 2650 1312 3312 1356 3356 1946 3946 1756 3756 1307 3307 1970 3970 302 2302 1361 3361 778 2778 45 2045 1114 3114 748 2748 733 2733 1431 3431 1918 3918 1254 3254 1818 3818 444 2444 1889 3889 448 2448 670 2670 1388 3388 1217 3217 314 2314 1641 3641 1061 3061 186 2186 1897 697 3897 2697 767 2767 1966 3966 695 2695 83 2083 809 2809 181 2181
1633 3633 1019 3019 841 2841 308 2308 386 2386 1679 3679 37 2037 215 2215 523 2523 1247 3247 889 2889 1631 3631 824 2824 799 2799 1124 3124 183 2183 1289 3289 1279 3279 1673 3673 996 2996 399 2399 586 2586 620 2620 1748 3748 100 2100 1081 3081 398 2398 701 2701 352 2352 1270 3270 948 2948 683 2683 1172 3172 1315 3315 1782 3782 1446 3446 424 2424 632 2632 971 2971 1228 3228 1421 3421 1165 3165 106 2106 651 2651 1858 3858 749 2749 845 2845 310 2310 649 2649 1511 3511
1047 3047 470 2470 780 2780 23 2023 1728 3728 1520 3520 598 2598 1655 3655 1878 3878 978 2978 114 2114 1432 3432 1989 3989 261 2261 995 2995 526 2526 1932 3932 79 2079 1287 3287 1261 3261 1773 3773 58 2058 1226 3226 1997 3997 1405 3405 1132 3132 1958 3958 989 2989 567 2567 1164 3164 1191 3191 755 2755 564 2564 1937 3937 452 2452 1574 3574 593 2593 420 2420 1763 3763 63 2063 900 2900 1212 672 3212 2672
394 2394 441 2441 1940 3940 1820 3820 924 2924 39 2039 309 2309 351 2351 1671 3671 69 2069 1204 3204 1973 3973 991 2991 1570 3570 247 2247 545 2545 1575 3575 1195 3195 1842 3842 542 2542 31 2031 1513 3513 533 2533 1201 3201 1384 3384 826 2826 221 2221 1425 3425 1900 3900 722 2722 1514 3514 1904 3904 611 1362 2611 3362 1830 3830 1277 3277 316 2316
1485 3485 1812 3812 1345 3345 1780 3780 423 2423 1105 3105 1790 3790 147 2147 1477 3477 1128 3128 925 2925 1653 3653 839 2839 383 2383 1458 3458 1111 3111 595 2595 785 2785 506 2506 171 2171 615 2615 1444 3444 1050 3050 694 2694 1044 3044 56 2056 1618 3618 1503 3503 1395 3395 1521 3521 1814 3814 698 2698 1645 3645 389 2389 1881 3881 311 2311 1850 3850 1250 3250 1506 3506 1173 3173 1435 3435 1583 3583 1761 3761 456 2456 1324 3324 802 2802 568 2568 972 2972 319 2319 1275 3275 1034 3034 246 2246 453 2453 119 2119
1562 3562 497 2497 1032 3032 987 2987 912 2912 777 2777 712 2712 795 2795 338 2338 65 2065 1686 3686 73 2073 98 2098 1026 3026 1309 3309 407 2407 1943 3943 46 2046 1956 3956 428 2428 1046 3046 198 2198 42 2042 1649 3649 1978 3978 1609 3609 1189 3189 937 2937 793 2793 432 2432 1297 3297 1561 3561 1920 3920 1564 3564 1951 3951 984 2984 144 2144 1147 3147 392 2392 318 2318 300 2300 645 2645 1462 3462 1470 3470 1263 3263
1027 3027 1354 3354 1347 3347 724 2724 907 2907 349 2349 1945 3945 1938 3938 720 2720 377 2377 1967 3967 251 2251 1170 3170 576 2576 268 2268 1738 3738 1409 3409 1740 3740 1381 3381 1776 3776 1854 3854 1045 3045 131 2131 102 2102 582 2582 1727 3727 837 2837 1123 3123 1510 3510 381 2381 1335 3335 557 2557 617 2617 731 2731 1202 796 3202 2796 1348 3348 688 2688 1398 3398 1481 3481 350 2350 105 2105 822 2822 820 2820 1168 3168 829 2829 1767 3767
1905 3905 587 2587 1243 3243 1717 3717 823 2823 887 2887 1537 3537 858 2858 685 2685 680 2680 489 2489 1290 3290 581 2581 1642 3642 438 2438 776 2776 283 2283 1991 3991 1705 3705 2000 4000 528 2528 572 2572 216 2216 1351 3351 1415 3415 293 2293 1436 3436 928 2928 791 2791 1914 3914 1988 3988 673 2673 1009 3009 189 2189 1930 3930 741 2741 1565 3565 390 2390 447 2447 999 2999 1551 3551 1868 3868 414 2414 1576 3576 1517 3517
1856 3856 29 2029 176 2176 128 2128 208 2208 730 2730 1079 3079 1759 3759 1023 3023 1552 3552 297 2297 537 2537 1806 3806 1272 3272 1843 3843 609 2609 28 2028 393 2393 262 2262 454 2454 575 2575 1639 3639 1134 3134 303 2303 285 2285 1414 3414 1791 3791 55 2055 882 2882 1052 3052 1102 3102 1479 3479 535 2535 172 2172 473 2473 1078 3078 1720 3720 1630 3630 1554 3554 1543 3543
477 2477 1875 3875 662 2662 1288 3288 579 2579 708 2708 717 2717 744 2744 49 2049 689 2689 903 2903 1190 3190 979 2979 468 2468 1571 3571 1183 3183 328 2328 1037 3037 231 2231 1927 3927 894 2894 625 2625 1685 3685 916 2916 1471 3471 1178 3178 505 2505 430 2430 1604 3604 1148 3148 584 2584 1762 3762 232 2232 199 2199 196 2196 821 2821 197 2197 1545 3545 1039 3039 47 2047 1024 3024 1216 3216 472 2472 359 2359 433 2433 696 2696 252 2252 437 2437 164 2164 227 2227 1054 3054 1941 3941
99 2099 846 2846 815 2815 1611 3611 917 2917 140 2140 190 2190 920 2920 1367 3367 429 2429 1464 3464 1996 3996 590 2590 666 2666 1658 3658 1318 3318 1936 3936 606 2606 1883 3883 455 2455 547 2547 1987 3987 1755 3755 1265 3265 1760 3760 559 2559 641 2641 1016 3016 787 2787 1969 3969 604 2604 214 2214 320 2320 449 2449 460 2460 1242 3242 726 2726 922 2922 362 2362 1453 3453 1784 3784 769 2769 88 2088 1536 3536 825 2825 899 2899 1342 3342 1835 3835 402 2402 1463 3463 1411 3411
1903 3903 1929 3929 850 2850 1067 3067 379 2379 1057 3057 566 2566 1014 3014 1860 3860 117 2117 7 2007 519 2519 1579 3579 258 2258 191 2191 1922 3922 518 2518 973 2973 67 2067 1401 3401 1523 3523 242 2242 676 2676 1774 3774 1188 3188 516 2516 1766 3766 1438 3438 1915 3915 735 2735 857 2857 1834 3834 681 2681 138 2138 1831 3831 226 2226 1210 3210 1104 3104 904 2904 1751 3751 1913 3913 1582 3582 375 2375 270 2270 1486 3486
412 2412 633 2633 327 2327 434 2434 1981 3981 12 2012 1059 3059 707 2707 1394 3394 1343 3343 1003 3003 993 2993 1553 3553 739 2739 457 2457 655 2655 1120 3120 1293 3293 66 2066 1508 3508 1036 3036 661 2661 1732 3732 89 2089 959 2959 1199 3199 255 2255 1972 3972 1893 3893 1200 3200 112 2112 1450 3450 118 2118 573 2573 543 2543 1675 3675 1589 3589 561 2561 19 2019 1522 3522 872 2872 966 2966 1452 3452 1408 3408 36 2036 1590 3590 84 2084
1877 3877 469 2469 1461 3461 964 2964 805 2805 81 2081 1681 3681 852 2852 1804 3804 1701 3701 108 2108 1861 3861 541 2541 1502 3502 286 2286 1544 3544 277 2277 443 2443 1626 3626 94 2094 1647 3647 711 2711 1420 3420 439 2439 1424 3424 1734 3734 814 2814 1968 3968 9 2009 146 2146 592 2592 356 2356 1596 3596 410 2410 1815 3815 1746 3746 1567 3567 941 2941 17 2017 1086 3086 1963 3963 644 2644 182 2182
1185 3185 1942 3942 1643 3643 1722 3722 1389 3389 1209 3209 326 2326 624 2624 1385 3385 1491 3491 1710 3710 1465 3465 1796 3796 1898 3898 1610 3610 225 2225 1965 3965 1709 3709 384 2384 851 2851 1413 3413 1468 3468 177 2177 771 2771 1004 3004 1497 3497 34 2034 1329 3329 1281 3281 1058 3058 1628 3628 574 2574 1260 3260 1229 3229 555 2555 1768 3768 1008 3008 446 2446 1724 3724 363 2363 558 2558 868 2868 1359 3359 421 2421 853 2853 656 2656 289 2289
211 2211 1666 3666 919 2919 1985 3985 548 2548 11 2011 1041 3041 1542 3542 781 2781 1317 3317 1412 3412 1765 3765 315 2315 22 2022 408 2408 77 2077 915 2915 1269 3269 943 2943 1487 3487 1110 3110 30 2030 804 2804 1851 3851 1245 3245 1525 3525 643 2643 325 2325 1133 3133 1068 3068 1355 3355 630 2630 867 2867 130 2130 521 2521 1073 3073 1874 3874 794 2794 686 2686 534 2534 1248 3248
1236 3236 1919 3919 1157 3157 1010 3010 1040 3040 243 2243 1707 3707 1100 3100 1892 3892 1871 3871 1051 3051 508 2508 355 2355 312 2312 1600 3600 1586 3586 954 2954 1028 3028 1894 3894 970 2970 770 2770 1262 3262 1935 3935 1779 3779 1378 3378 418 2418 1716 3716 1984 3984 571 2571 1817 3817 583 2583 874 2874 1454 3454 1119 3119 1530 3530 1387 3387 1369 3369 4 2004 596 2596 1916 3916 1418 3418 1294 3294 1328 3328 1478 3478 1427 3427 1256 3256 1303 3303 859 2859 1998 3998 1364 3364 1219 3219 1489 3489 62 2062 331 2331 660 2660 87 2087 290 2290 1437 3437 931 2931 1433 3433
1613 3613 374 2374 1451 3451 1291 3291 205 2205 1374 3374 1131 3131 287 2287 835 2835 1416 3416 1390 3390 1899 3899 880 2880 875 2875 1538 3538 1286 3286 1314 3314 1225 3225 863 2863 1591 3591 1498 3498 1187 3187 1672 3672 1017 3017 549 2549 274 2274 1334 3334 958 2958 1158 3158 1907 3907 367 2367 123 2123 1775 1992 3775 3992 1529 3529 1304 3304 713 2713 358 2358 997 2997 1960 3960 1620 3620 1076 3076 1258 3258 1934 3934 1888 3888 298 2298 368 2368
