instance61_nreq1000_nveh20_gamma879
4 1004 140 1140 384 1384 972 1972 702 1702 55 1055 616 1616 938 1938 826 1826 685 1685 931 1931 626 1626 695 1695 739 1739 890 1890 63 1063 456 1456 529 1529 583 1583 17 1017 346 1346 413 1413 228 1228 374 1374 824 1824 474 1474 654 231 1654 1231 255 1255 258 1258 313 1313 225 1225 406 1406 539 1539 973 1973 947 1947 10 1010 994 1994 858 1858 689 1689 34 546 1034 1546 343 1343 439 1439 25 1025 443 1443 873 1873
27 1027 146 1146 670 1670 960 1960 815 1815 661 1661 265 1265 240 1240 367 1367 353 1353 196 1196 104 1104 278 1278 738 1738 766 1766 302 1302 137 1137 482 1482 249 1249 416 1416 852 1852 192 1192 942 1942 328 1328 85 1085 251 1251 966 1966 30 1030 108 1108 732 1732 504 1504 570 1570 492 1492 323 1323 448 1448 53 1053
953 1953 184 1184 925 1925 501 1501 332 1332 360 1360 855 1855 564 1564 588 1588 662 1662 472 1472 572 1572 277 1277 871 1871 617 1617 87 1087 672 1672 760 1760 69 1069 843 1843 33 1033 422 1422 261 1261 115 1115 175 1175 723 1723 19 1019 644 1644 38 1038 916 1916 647 1647 811 1811 1 1001 837 1837 382 1382 744 1744 590 1590 596 1596 902 1902 548 1548 850 1850 410 1410 700 1700 333 1333 307 1307 641 1641 776 1776 489 1489 665 1665 42 1042 481 1481 424 1424
230 1230 288 1288 552 1552 908 1908 759 1759 220 1220 330 1330 696 1696 316 1316 920 1920 839 1839 822 1822 370 1370 44 1044 35 1035 761 1761 8 1008 324 1324 712 1712 426 1426 86 1086 204 1204 335 1335 697 1697 43 1043 957 1957 845 1845 78 1078 649 1649 950 1950 262 1262 645 1645 800 1800
289 1289 603 1603 284 1284 814 1814 600 1600 533 1533 54 1054 466 1466 918 1918 467 1467 793 1793 283 1283 435 1435 836 1836 796 1796 401 1401 975 1975 832 1832 505 350 1505 1350 825 1825 56 1056 777 1777 969 1969 861 1861 614 1614 705 1705 769 1769 951 1951 749 1749 983 1983 876 1876 465 1465 287 1287 203 1203 320 1320 621 1621 964 1964 795 1795 599 1599 785 1785 965 1965 553 1553 95 1095 381 1381 293 1293 256 1256 571 1571
770 1770 724 1724 660 1660 514 1514 594 1594 126 1126 668 1668 976 1976 141 1141 462 1462 409 1409 3 1003 347 1347 365 1365 337 1337 117 1117 883 1883 709 1709 167 1167 301 1301 778 1778 178 1178 764 1764 122 1122 604 1604 562 1562 707 455 1707 1455 6 1006 561 1561 181 1181 74 1074 516 1516 173 1173 980 1980 737 1737 485 1485 637 1637 319 1319 963 556 1963 1556
706 1706 39 1039 229 1229 720 1720 747 1747 622 1622 633 1633 270 1270 961 1961 423 1423 268 1268 338 1338 506 1506 678 1678 882 1882 623 1623 541 1541 608 1608 404 1404 81 1081 389 1389 655 1655 536 1536 125 1125 309 1309 359 132 1359 1132 156 1156 290 1290 625 1625 395 1395 559 1559 51 1051 634 1634 579 1579 397 1397 143 1143 159 1159 222 1222 305 1305 581 1581 282 1282 79 1079 609 1609 14 1014 110 1110 41 1041 849 1849 64 1064 358 1358
393 1393 177 1177 170 1170 267 1267 5 1005 103 1103 398 1398 99 1099 12 1012 550 1550 91 1091 163 1163 50 1050 667 1667 669 1669 748 1748 671 1671 168 1168 135 1135 565 1565 515 1515 601 1601 160 1160 497 1497 731 1731 900 799 1900 1799 468 1468 899 1899 194 1194 838 1838 428 1428 417 1417 58 1058 113 1113 905 1905 576 1576 331 1331 928 1928 154 1154 238 1238
585 1585 763 1763 243 1243 444 1444 246 1246 166 1166 62 1062 510 1510 464 1464 139 1139 817 1817 447 1447 863 1863 810 1810 415 1415 658 1658 496 1496 885 1885 147 1147 188 1188 211 1211 543 1543 613 1613 165 1165 144 1144 526 1526 294 1294 386 1386 219 1219 806 1806 120 1120 495 1495 978 1978 169 1169
46 1046 186 1186 202 1202 375 1375 788 1788 753 1753 927 1927 310 1310 388 1388 657 1657 408 1408 226 1226 281 1281 223 1223 924 1924 460 1460 530 1530 805 1805 607 1607 207 1207 509 1509 934 1934 542 1542 962 1962 96 1096 264 1264 998 66 1998 889 1066 1889 414 1414 904 1904 280 1280 461 1461 269 1269 691 1691
511 1511 425 1425 339 1339 47 1047 929 1929 808 1808 675 1675 355 1355 538 1538 531 1531 783 1783 807 1807 715 1715 136 1136 711 1711 70 1070 437 1437 327 1327 584 1584 684 1684 895 1895 161 1161 371 1371 627 1627 311 1311 286 1286 856 1856 421 1421 698 1698 254 1254 894 1894 297 1297 602 1602
996 1996 751 1751 29 1029 666 1666 792 1792 325 1325 586 1586 119 1119 111 1111 537 1537 304 1304 540 1540 635 1635 821 1821 534 1534 329 1329 450 1450 862 1862 990 1990 987 1987 266 1266 846 1846 993 1993 733 1733 391 1391 735 1735 730 1730 118 1118 295 1295 888 1888 650 1650 273 1273 903 1903 878 1878 321 1321 71 1071 945 1945 816 1816 651 1651 848 1848 498 1498 217 1217 587 1587 420 1420 275 1275 233 1233 299 1299 20 1020 932 1932 383 1383 318 1318 116 1116 377 519 1377 1519 227 1227 49 1049
736 1736 741 1741 959 1959 611 1611 802 1802 253 1253 853 1853 746 1746 244 1244 291 1291 276 1276 457 1457 528 1528 26 1026 151 1151 762 1762 745 1745 433 1433 145 1145 981 1981 922 1922 771 1771 911 98 1911 1098 870 1870 478 1478 768 1768 677 1677 114 1114 847 1847 363 1363 756 1756 758 1758 557 1557 598 1598 999 1999 247 1247 259 1259 597 1597 912 1912 520 1520 97 1097 488 198 1488 1198 842 1842 209 1209 683 1683 833 1833 68 1068
484 1484 351 1351 183 1183 803 1803 180 1180 380 1380 9 1009 563 1563 470 1470 61 1061 131 1131 663 1663 7 1007 549 1549 90 1090 352 1352 234 1234 725 1725 45 1045 628 1628 754 1754 454 1454 857 1857 692 1692 405 1405 569 1569 544 1544 914 1914 877 1877 970 1970 728 1728 740 1740 545 1545 618 1618 403 1403 686 1686 15 1015 580 1580 252 1252 429 1429 499 1499 83 1083 956 1956 239 1239 80 1080 445 1445 820 1820 615 1615 558 1558 710 1710 378 1378 418 1418 652 1652 923 1923 477 1477 659 1659 52 1052 787 1787 75 1075 124 1124 910 1910
757 1757 523 1523 933 1933 717 1717 518 1518 984 1984 130 1130 906 1906 790 1790 486 1486 48 1048 939 1939 73 1073 106 1106 801 1801 134 1134 867 1867 791 1791 648 1648 639 1639 208 1208 941 1941 340 1340 718 1718 775 1775 224 1224 354 1354 89 1089 823 1823 535 1535 272 1272 719 1719 798 1798 887 1887 952 1952 624 1624 866 1866 643 1643 133 1133 901 1901
23 1023 430 1430 164 1164 967 1967 946 1946 237 1237 653 1653 831 1831 525 1525 578 1578 152 1152 875 1875 372 1372 67 1067 868 1868 236 1236 827 1827 896 1896 804 1804 673 1673 345 1345 28 1028 886 1886 480 1480 37 1037 357 1357 714 1714 818 1818 988 1988 336 1336 40 1040 701 1701 121 1121 898 1898
94 1094 491 1491 734 1734 312 1312 77 1077 407 1407 703 1703 250 1250 743 1743 566 1566 440 1440 812 1812 364 1364 88 1088 471 1471 784 1784 451 1451 248 1248 891 1891 153 1153 716 1716 828 1828 954 1954 909 1909 306 1306 326 1326 786 1786 989 1989 693 1693 107 1107 532 1532 459 1459 179 1179 632 1632 342 1342 991 1991 300 1300 493 1493 148 1148 503 1503 128 1128 214 1214 174 1174 646 1646 82 1082 376 1376 24 1024 36 1036 411 1411 860 271 1860 1271 682 1682 577 1577
729 1729 752 1752 508 1508 396 1396 610 1610 789 1789 884 1884 216 1216 322 1322 917 1917 809 1809 72 1072 681 1681 679 1679 32 1032 840 1840 985 1985 298 1298 379 1379 22 1022 830 1830 31 1031 638 1638 412 1412 573 1573 479 1479 11 1011 995 1995 844 1844 727 1727 568 1568 315 1315 772 1772 726 1726 612 1612 109 1109 968 1968 197 1197 779 1779 592 1592 582 1582 841 1841 690 1690 619 1619 575 1575 369 1369 232 1232 721 1721 206 1206
100 1100 341 1341 547 1547 551 1551 859 1859 149 1149 781 1781 1000 2000 688 1688 631 1631 713 1713 664 1664 864 1864 394 1394 193 1193 475 1475 18 1018 285 1285 368 1368 680 1680 656 1656 463 1463 213 1213 636 1636 16 1016 13 201 1013 1201 427 1427 926 1926 630 1630 105 1105 490 1490 349 1349 138 1138 187 1187 629 1629 774 1774 722 1722 948 1948 442 1442 92 1092 524 1524 452 1452 517 1517 919 1919 854 1854
527 1527 949 1949 642 1642 829 1829 212 1212 155 1155 880 1880 915 1915 185 1185 308 1308 687 1687 794 1794 385 1385 742 1742 176 1176 127 1127 190 1190 699 1699 263 1263 755 1755 241 1241 303 1303 834 1834 813 1813 390 1390 344 1344 591 1591 992 1992 483 1483 387 242 1387 1242 453 1453 245 1245 773 1773 935 1935 434 1434 279 1279 979 1979 595 1595 640 1640 438 1438
