instance61_nreq1000_nveh20_gamma879
27 1027 15 18 1015 1018 66 1066 121 123 1121 145 1123 204 1145 1204 206 233 1206 49 1233 259 1049 258 1259 1258 263 1263 501 619 1501 582 1619 1582 635 653 1635 1653 658 651 1658 1651 660 733 1660 708 1733 1708 609 1609 752 1752 757 1757
54 1054 31 55 1031 92 1055 1092 19 126 1019 1126 141 42 1141 1042 151 182 1151 298 1182 1298 302 310 1302 313 1310 1313 321 1321 323 1323 350 1350 314 1314 356 363 1356 1363 364 1364 385 667 398 1385 1398 403 1403 1667 669 659 1669 665 1659 671 1665 1671 673 675 1673 1675 677 1677 693 1693 703 727 1703 728 1728 1727 729 1729 740 1740 744 746 1744 1746
4 56 1004 16 1056 89 1016 1089 130 1130 187 1187 116 1116 172 1172 207 213 1207 220 1220 222 1213 223 1223 1222 224 252 1224 1252 255 1255 247 262 1247 1262 368 268 1268 393 1368 414 1393 442 1414 443 1442 445 383 1443 1445 1383 459 463 1459 1463 464 468 1464 482 1468 1482 484 1484 515 1515 518 1518 517 520 1517 519 1520 1519 507 1507 523 1523 569 1569 580 581 1580 1581 575 618 1575 625 1618 595 1625 631 1595 633 1631 1633 706 735 1706 1735 755 832 847 1832 1755 1847 785 1785 848 841 1848 589 1841 853 1589 871 1853 1871 890 1890 895 1895 896 1896 902 1902
46 26 1046 62 1026 91 1062 1091 114 1114 119 132 1119 156 1132 112 1156 1112 166 1166 200 217 1200 1217 205 1205 228 1228 348 334 1348 280 1334 382 1280 305 1382 397 1305 279 1397 1279 405 1405 407 1407 496 1496 498 503 1498 1503 505 1505 506 1506 525 1525 540 1540 544 1544 548 550 1548 584 1550 1584 600 1600 612 613 1612 1613 626 644 1626 645 1644 1645 637 652 1637 655 1652 657 1655 1657 666 678 1666 1678 685 1685 688 1688 747 1747
23 1023 32 10 1032 100 1010 1100 97 14 1097 1014 40 131 1040 1131 140 1140 315 1315 320 1320 322 1322 324 1324 340 319 1340 1319 351 418 1351 419 1418 59 1419 1059 420 1420 451 1451 454 1454 455 467 1455 1467 483 504 1483 509 1504 1509 510 607 1510 611 1611 632 1607 1632 648 1648 680 1680 696 1696 709 1709 646 716 1646 1716
9 1009 17 53 1017 90 1053 1090 122 161 1122 168 1161 162 1168 110 1162 1110 148 1148 181 185 1181 1185 215 211 1211 234 1215 243 1234 371 1243 366 1371 374 1366 1374 375 1375 466 358 1466 1358 478 545 1478 547 1545 552 1547 1552 553 1553 432 473 1432 1473 556 476 1556 564 1476 614 1564 615 1614 624 1615 1624 627 1627 630 636 1630 1636 634 641 1634 649 1641 1649 692 712 1692 1712 751 854 1751 856 1854 875 1856 1875 877 1877 881 1881 885 886 1885 1886 894 787 1894 1787
72 1072 7 61 1007 105 1061 118 1105 1118 136 34 1136 146 1034 212 1146 231 1212 143 1231 221 1143 1221 235 1235 240 328 1240 329 1328 367 1329 372 1367 1372 401 1401 395 1395 412 1412 452 456 1456 1452 457 1457 449 465 1449 1465 471 488 1471 1488 25 1025 500 438 1500 218 1438 514 1218 513 1514 1513 516 524 1516 526 1524 528 529 1526 1528 1529 530 542 1530 1542 543 568 1543 578 1568 1578 605 272 1605 1272 628 1628 642 753 1642 761 764 1753 1761 1764 606 769 1606 1769 795 1795 796 1796 887 1887
29 1029 13 1013 73 138 1073 1138 144 1144 153 68 1153 1068 76 1076 163 1163 193 249 1193 251 1249 1251 332 331 1332 333 1331 341 1333 1341
47 24 1047 95 1024 107 1095 117 1107 1117 125 1125 165 174 1165 1174 239 183 1183 1239 244 281 1281 282 1244 293 1282 1293 300 303 1300 1303 294 1294 306 1306 335 686 1335 690 1686 1690 700 1700 705 704 1704 707 1705 1707 171 1171 711 1711 715 1715 717 710 1717 1710 722 1722 723 1723 725 726 1725 1726 750 737 1750 1737 773 1773 790 1790 801 802 1801 816 1802 823 1816 1823 826 1826 828 833 1828 1833 827 1827 800 1800 836 837 1836 840 1837 1840 846 855 1846 1855
33 1033 43 1043 38 80 1038 1080 71 82 1071 154 1082 1154 175 270 1175 271 1270 1271 158 210 1158 1210 41 277 1041 387 1277 1387 388 508 1388 1508 551 557 1551 559 1557 562 1559 362 1562 566 1362 1566 610 1610 617 1617 622 1622 623 1623 639 400 1639 647 1400 650 1647 1650 654 1654 620 664 1620 668 1664 1668 699 702 713 1702 731 1699 1713 1731 734 1734 809 808 1808 1809
39 1039 48 1048 79 11 1079 1011 111 1111 64 1064 152 1152 155 164 1155 1164 192 194 1192 1194 202 242 1202 1242 241 1241 261 1261 189 265 1189 1265 266 1266 269 1269 276 291 1276 1291 308 327 1308 1327 338 1338 346 1346 343 370 1343 1370 380 391 1380 415 1391 1415 638 1638 629 1629 643 1643 656 1656 663 1663 679 1679 681 521 1681 682 1521 695 1682 738 1695 1738 742 762 1742 760 771 1762 1760 1771 777 1777 778 1778 779 1779 522 1522 783 782 1783 1782 788 1788 792 791 1791 830 1792 1830 844 845 1844 852 1845 857 1852 1857 142 859 1142 858 1859 862 1858 1862
35 50 1035 1050 104 1104 74 115 1074 127 1115 1127 186 1186 188 1188 190 78 1190 196 1078 1196 230 1230 601 1601 602 697 1602 701 1697 1701 714 724 1714 732 1724 1732 766 768 1766 813 1768 817 1813 1817 824 1824 825 1825 820 1820 831 829 1829 1831
5 1005 20 87 1020 1087 88 1088 96 1096 135 1135 137 273 1137 278 1273 232 1278 1232 264 238 1264 297 1238 292 1297 309 1292 311 1309 1311 209 290 1209 326 1290 1326 317 1317 349 337 1337 1349 587 1587 591 1591 554 616 1554 758 1616 1758 763 1763 774 775 1774 781 1775 1781 784 446 1784 1446 789 1789 861 1861 849 1849 860 1860 873 874 1873 1874 876 1876 851 1851 883 884 1883 1884 888 1888 891 1891 872 1872 899 1899 903 1903
44 36 1044 1036 81 1081 85 1085 169 1169 170 1170 208 1208 21 229 1021 1229 237 1237 256 287 1256 1287 288 1288 312 1312 318 316 1316 1318 307 1307 336 1336 353 1353 352 1352 357 354 1357 197 1354 101 1197 1101 365 1365 381 379 1379 1381 376 1376 390 1390
28 3 1028 70 58 1070 1003 52 1058 1052 139 1139 198 191 1198 120 1191 203 1120 1203 84 216 1216 1084 219 1219 406 1406 408 1408 409 1409 425 426 1425 1426 448 1448 296 1296 453 460 1453 1460 486 493 1486 1493 492 1492 495 1495 499 1499 512 511 1511 1512 532 1532 534 1534 539 546 1539 1546 549 1549 572 1572 573 1573 576 1576 481 579 1481 1579 590 588 1588 1590 597 603 1597 661 1603 739 1661 1739 745 1745 749 721 1749 754 1721 748 1754 1748 756 1756 759 1759 797 765 1797 1765 799 776 1799 1776 807 1807 814 806 1814 1806 818 674 1818 839 1674 1839 867 1867 878 1878 882 1882
12 1012 69 63 1069 1063 60 65 1060 134 1065 289 1289 1134 260 1260 295 1295 299 1299 301 1301 339 342 1339 345 1342 462 1345 470 1462 458 1470 469 1458 474 1469 1474 475 1475 461 1461 441 489 1441 274 1489 536 497 1274 1497 1536 538 1538 541 563 1541 1563 585 1585 583 586 1586 1583 594 662 1594 1662 684 687 1684 1687 683 1683 691 720 1691 770 1720 1770 786 793 1786 1793 803 805 1803 1805
6 83 1006 86 1083 1086 99 1099 103 1103 106 176 1106 177 1176 178 1177 179 1178 1179 227 199 1227 236 1199 1236 246 1246 253 1253 254 267 1254 1267 275 283 1275 1283 384 1384 394 389 1389 1394 373 195 1373 404 1195 410 1404 1410 124 413 1124 416 1413 1416 399 423 1399 1423 430 1430 428 417 1428 1417 434 436 1434 435 1435 447 1436 863 1447 868 1863 870 1868 1870 850 1850 879 835 1879 1835 900 1900 865 1865
8 51 1008 1051 37 75 1037 167 1075 1167 180 173 1180 184 1173 1184 157 1157 201 214 1201 57 1214 225 1057 226 1225 245 1226 248 1245 1248 250 1250 325 330 1325 1330 355 1355 369 1369 378 1378 386 396 1386 1396 422 1422 421 429 1421 440 1429 1440 450 1450 472 1472 477 1477 479 1479 480 485 1480 1485 490 491 1490 1491
1 45 1001 1045 30 77 1030 1077 98 128 1098 133 1128 1133 147 159 1147 160 1159 1160 284 1284 285 286 1285 304 1286 1304 344 1344 347 359 1347 360 1359 1360 427 1427 411 433 1411 1433 437 424 1437 439 1424 1439 377 1377 431 444 1431 1444
22 1022 67 94 1067 1094 109 108 1109 1108 113 149 1113 527 1149 1527 531 1531 533 1533 535 1535 537 558 1537 561 1558 565 1561 1565 570 1570 560 1560 567 1567 571 1571 577 1577 592 1592 494 1494 596 1596 598 361 1598 1361 604 1604 599 593 1599 1593 608 621 1608 670 1621 1670 672 1672 689 698 1689 1698 718 1718 719 730 1719 1730 736 1736 741 1741 743 772 1743 794 1772 1794 804 1804 798 810 1798 1810 811 812 1811 1812 815 1815 821 1821 822 834 1822 838 1834 842 1838 843 1842 1843 864 866 1864 880 1866 889 1880 1889
