instance61_nreq2000_nveh40_gamma1829
150 2150 55 2055 56 2056 94 2094 96 2096 216 2216 200 2200 222 2222 254 2254 255 2255 260 2260 477 2477 487 2487 488 2488 491 2491 492 2492 500 2500 501 2501 563 2563 566 2566 581 2581 586 2586 595 2595 643 2643 654 2654 659 2659 652 2652 683 2683 733 2733 735 2735 736 2736 752 2752 757 2757 798 2798 837 2837 846 2846 874 2874 875 2875 868 2868 878 2878 880 2880 889 2889 905 2905 1461 3461 1465 3465 1485 3485 1571 3571 1589 3589 1592 3592
211 2211 61 2061 65 2065 110 2110 121 2121 140 2140 277 2277 276 2276 280 2280 281 2281 283 2283 284 2284 287 2287 419 2419 425 2425 442 2442 447 2447 448 2448 459 2459 472 2472 485 2485 505 2505 507 2507 522 2522 548 2548 1114 3114 1125 3125 1127 3127 1135 3135 1140 3140 1213 3213 1219 3219 1220 3220 1222 3222 1224 3224 1229 3229 1236 3236 1244 3244 1245 3245 1300 3300 1307 3307 1311 3311 1324 3324 1333 3333 1513 3513 1525 3525 1529 3529 1537 3537 1545 3545 1547 3547 1553 3553 1562 3562 1564 3564 1570 3570 1654 3654 1665 3665 1666 3666 1669 3669 1681 3681 1674 3674 1685 3685 1686 3686
99 2099 53 2053 97 2097 101 2101 103 2103 135 2135 253 2253 259 2259 271 2271 362 2362 367 2367 377 2377 397 2397 396 2396 400 2400 550 2550 579 2579 582 2582 584 2584 580 2580 590 2590 596 2596 600 2600 601 2601 628 2628 629 2629 685 2685 686 2686 688 2688 706 2706 724 2724 742 2742 760 2760 799 2799 813 2813 835 2835 895 2895 901 2901 903 2903 912 2912 924 2924 929 2929 937 2937 943 2943 958 2958 964 2964 985 2985 1004 3004 1007 3007 1008 3008 1013 3013 1018 3018 1019 3019
29 2029 49 2049 62 2062 73 2073 82 2082 169 2169 174 2174 178 2178 290 2290 292 2292 304 2304 308 2308 355 2355 359 2359 361 2361 366 2366 570 2570 571 2571 572 2572 573 2573 574 2574 576 2576 577 2577 588 2588 569 2569 594 2594 617 2617 634 2634 645 2645 650 2650 651 2651 653 2653 663 2663 748 2748 741 2741 753 2753 770 2770 771 2771 774 2774 781 2781 782 2782 785 2785 795 2795 803 2803 805 2805 1611 3611 1635 3635 1653 3653 1659 3659 1724 3724 1726 3726 1784 3784 1790 3790
12 2012 51 2051 119 2119 131 2131 136 2136 422 2422 424 2424 426 2426 551 2551 558 2558 559 2559 561 2561 564 2564 565 2565 587 2587 591 2591 667 2667 670 2670 675 2675 721 2721 723 2723 828 2828 832 2832 831 2831 836 2836 838 2838 842 2842 509 2509 843 2843 848 2848 854 2854 857 2857 1348 3348 1352 3352 1353 3353 1354 3354 1404 3404 1405 3405 1688 3688 1683 3683 1690 3690 1693 3693 1701 3701 1704 3704 1707 3707 1804 3804 1826 3826 1836 3836
54 2054 72 2072 78 2078 93 2093 149 2149 176 2176 262 2262 269 2269 293 2293 294 2294 413 2413 427 2427 468 2468 479 2479 486 2486 490 2490 615 2615 623 2623 641 2641 669 2669 677 2677 679 2679 682 2682 665 2665 689 2689 690 2690 691 2691 693 2693 701 2701 702 2702 715 2715 714 2714 717 2717 725 2725 728 2728 739 2739 777 2777 780 2780 794 2794 791 2791 800 2800 801 2801 802 2802 808 2808 807 2807 816 2816 825 2825 833 2833 849 2849 850 2850 852 2852 864 2864 866 2866 775 2775 872 2872 876 2876 658 2658 1286 3286
44 2044 67 2067 113 2113 142 2142 244 2244 245 2245 206 2206 248 2248 257 2257 282 2282 297 2297 299 2299 300 2300 354 2354 357 2357 946 2946 944 2944 951 2951 953 2953 962 2962 966 2966 968 2968 974 2974 980 2980 972 2972 983 2983 995 2995 1009 3009 1022 3022 1025 3025 1028 3028 1032 3032 1262 3262 1268 3268 1269 3269 1293 3293 1285 3285 1301 3301 1302 3302 1303 3303 1294 3294 1345 3345 1347 3347 1351 3351 1355 3355 1412 3412 1427 3427 1435 3435 1445 3445 1447 3447 1449 3449
23 2023 66 2066 108 2108 112 2112 125 2125 183 2183 188 2188 208 2208 242 2242 243 2243 258 2258 315 2315 317 2317 318 2318 327 2327 441 2441 445 2445 455 2455 456 2456 469 2469 1059 3059 1065 3065 1060 3060 1067 3067 1070 3070 1138 3138 1139 3139 1141 3141 1151 3151 1153 3153 1185 3185 1192 3192 1195 3195 1200 3200 1225 3225 1228 3228 1223 3223 1232 3232 1291 3291 1337 3337 1342 3342 1360 3360 1459 3459 1460 3460 1734 3734 1682 3682 1737 3737 1759 3759 1760 3760 1762 3762 1766 3766 1772 3772
11 2011 5 2005 70 2070 192 2192 195 2195 197 2197 186 2186 204 2204 529 2529 530 2530 539 2539 554 2554 567 2567 560 2560 568 2568 575 2575 553 2553 583 2583 593 2593 598 2598 700 2700 709 2709 694 2694 720 2720 1174 3174 1178 3178 1179 3179 1182 3182 1184 3184 1187 3187 1188 3188 1198 3198 1206 3206 1237 3237 1238 3238 1243 3243 1247 3247 1260 3260 1284 3284 1613 3613 1617 3617 1618 3618 1621 3621 1629 3629 1649 3649 1655 3655 1727 3727 1728 3728 1729 3729 1730 3730 1731 3731 1732 3732 1747 3747 1748 3748 1757 3757 1754 3754
41 2041 69 2069 120 2120 148 2148 172 2172 175 2175 285 2285 326 2326 329 2329 330 2330 381 2381 405 2405 408 2408 418 2418 420 2420 421 2421 423 2423 763 2763 768 2768 769 2769 772 2772 773 2773 747 2747 776 2776 778 2778 626 2626 783 2783 786 2786 792 2792 793 2793 811 2811 819 2819 839 2839 844 2844 861 2861 863 2863 865 2865 869 2869 871 2871 906 2906 914 2914 915 2915 919 2919 942 2942 1476 3476 1489 3489 1496 3496 1498 3498 1499 3499 1503 3503 1494 3494 1510 3510 1708 3708 1719 3719 1720 3720 1743 3743 1746 3746 1755 3755 1756 3756 1778 3778 1780 3780 1783 3783 1785 3785 1789 3789 1800 3800
37 2037 71 2071 80 2080 124 2124 187 2187 189 2189 214 2214 247 2247 261 2261 263 2263 272 2272 288 2288 38 2038 325 2325 335 2335 797 2797 804 2804 796 2796 716 2716 815 2815 1003 3003 1026 3026 1027 3027 1170 3170 1172 3172 1176 3176 1180 3180 1183 3183 1190 3190 1199 3199 1209 3209 1226 3226 1288 3288 1289 3289 1290 3290 1296 3296 1297 3297 1316 3316 1331 3331 1343 3343 1366 3366 1374 3374 1380 3380 1385 3385 1401 3401 1402 3402 1411 3411 1805 3805 1811 3811 1821 3821 1822 3822 1823 3823 1841 3841
10 2010 58 2058 75 2075 81 2081 104 2104 132 2132 156 2156 632 2632 633 2633 637 2637 644 2644 646 2646 657 2657 656 2656 668 2668 672 2672 466 2466 678 2678 945 2945 952 2952 954 2954 955 2955 959 2959 960 2960 961 2961 965 2965 970 2970 973 2973 975 2975 979 2979 1010 3010 1011 3011 1012 3012 1047 3047 1056 3056 1074 3074 1105 3105 1454 3454 1484 3484 1495 3495 1506 3506 1512 3512 1518 3518 1519 3519 1520 3520 1524 3524 1566 3566 1569 3569 1573 3573 1578 3578 1579 3579 1595 3595 1602 3602 1604 3604 1624 3624 1628 3628 1631 3631 1636 3636 1643 3643 1646 3646 1651 3651 1661 3661 1675 3675 1684 3684 1717 3717 1233 3233 1838 3838
33 2033 13 2013 84 2084 147 2147 165 2165 177 2177 201 2201 221 2221 240 2240 251 2251 264 2264 434 2434 444 2444 462 2462 497 2497 512 2512 514 2514 502 2502 516 2516 523 2523 527 2527 536 2536 538 2538 543 2543 552 2552 562 2562 578 2578 606 2606 608 2608 893 2893 900 2900 926 2926 939 2939 948 2948 949 2949 950 2950 977 2977 1346 3346 1350 3350 1361 3361 1367 3367 1378 3378 1434 3434 1437 3437 1464 3464 1563 3563 1567 3567 1568 3568 1581 3581 1590 3590 1591 3591 1598 3598
42 2042 21 2021 88 2088 91 2091 154 2154 162 2162 171 2171 320 2320 328 2328 331 2331 344 2344 373 2373 380 2380 392 2392 430 2430 431 2431 460 2460 461 2461 481 2481 482 2482 504 2504 519 2519 526 2526 592 2592 416 2416 599 2599 597 2597 609 2609 610 2610 611 2611 638 2638 817 2817 818 2818 821 2821 847 2847 1446 3446 1453 3453 1455 3455 1458 3458 1493 3493 1497 3497 1614 3614 1640 3640 1721 3721 1723 3723 1725 3725 1740 3740 1741 3741
14 2014 77 2077 128 2128 146 2146 152 2152 190 2190 194 2194 203 2203 205 2205 215 2215 228 2228 286 2286 332 2332 337 2337 343 2343 358 2358 393 2393 470 2470 471 2471 506 2506 513 2513 525 2525 655 2655 649 2649 661 2661 664 2664 1157 3157 1158 3158 1159 3159 1162 3162 1169 3169 1177 3177 1189 3189 1201 3201 1204 3204 1216 3216 1239 3239 1240 3240 1242 3242 1248 3248 1264 3264 1309 3309 1310 3310 1314 3314 1317 3317 1393 3393 1440 3440 1444 3444 1483 3483 1527 3527 1544 3544 1546 3546 1549 3549 1543 3543 1557 3557 1558 3558 1556 3556 1561 3561 1565 3565 1577 3577 1580 3580 1584 3584 1605 3605 1610 3610 1615 3615 1622 3622
34 2034 52 2052 117 2117 118 2118 193 2193 207 2207 209 2209 210 2210 231 2231 239 2239 374 2374 384 2384 391 2391 395 2395 411 2411 412 2412 616 2616 620 2620 630 2630 636 2636 993 2993 986 2986 997 2997 999 2999 1001 3001 1006 3006 1014 3014 957 2957 1016 3016 1023 3023 1024 3024 1015 3015 1031 3031 1450 3450 1456 3456 1457 3457 1468 3468 1475 3475 1501 3501 1508 3508 1523 3523 1528 3528 1530 3530 1531 3531 1492 3492 1536 3536 1539 3539 1548 3548 1585 3585 1600 3600 1603 3603 1620 3620 1633 3633 1634 3634 1662 3662 1692 3692 1691 3691 1695 3695 1749 3749
20 2020 17 2017 86 2086 153 2153 155 2155 173 2173 185 2185 198 2198 345 2345 379 2379 383 2383 386 2386 389 2389 429 2429 438 2438 450 2450 457 2457 518 2518 533 2533 648 2648 1005 3005 1045 3045 1046 3046 1049 3049 1050 3050 1052 3052 1054 3054 1058 3058 1062 3062 1257 3257 1261 3261 1270 3270 1287 3287 1295 3295 1318 3318 1323 3323 1325 3325 1326 3326 1328 3328 1362 3362 1373 3373 1389 3389 1816 3816 1815 3815 1819 3819 1820 3820 1833 3833 1835 3835 1839 3839
22 2022 89 2089 92 2092 100 2100 180 2180 145 2145 191 2191 196 2196 311 2311 312 2312 428 2428 432 2432 443 2443 446 2446 454 2454 458 2458 464 2464 467 2467 474 2474 489 2489 496 2496 541 2541 542 2542 544 2544 545 2545 662 2662 666 2666 673 2673 676 2676 680 2680 687 2687 697 2697 698 2698 730 2730 737 2737 823 2823 824 2824 1391 3391 1394 3394 1418 3418 1419 3419 1428 3428 1490 3490 1491 3491 1500 3500 1502 3502 1507 3507 1509 3509 1810 3810 1812 3812 1814 3814 1817 3817 1829 3829 1840 3840
6 2006 57 2057 79 2079 107 2107 129 2129 130 2130 133 2133 223 2223 225 2225 495 2495 498 2498 494 2494 499 2499 508 2508 168 2168 511 2511 521 2521 528 2528 873 2873 879 2879 902 2902 917 2917 922 2922 928 2928 933 2933 932 2932 936 2936 989 2989 990 2990 991 2991 992 2992 996 2996 1000 3000 1002 3002 1020 3020 1021 3021 1044 3044 1048 3048 1051 3051 1055 3055 1057 3057 1072 3072 1292 3292 1384 3384 1390 3390 1406 3406 1407 3407 1416 3416 1417 3417 1436 3436 1438 3438 1442 3442 1487 3487 1488 3488 1612 3612 1712 3712 1713 3713 1773 3773 1779 3779 1781 3781 1782 3782 1786 3786 1788 3788
8 2008 98 2098 102 2102 114 2114 134 2134 151 2151 202 2202 213 2213 217 2217 295 2295 265 2265 298 2298 279 2279 324 2324 333 2333 338 2338 349 2349 394 2394 840 2840 841 2841 858 2858 860 2860 867 2867 870 2870 884 2884 862 2862 887 2887 888 2888 894 2894 767 2767 899 2899 907 2907 916 2916 920 2920 921 2921 925 2925 927 2927 967 2967 971 2971 976 2976 978 2978 981 2981 982 2982 984 2984 987 2987 988 2988 1017 3017 1038 3038 1043 3043 1064 3064 1451 3451 1534 3534 1538 3538 1541 3541 1542 3542 1550 3550 1559 3559 1607 3607 1609 3609 1616 3616 1623 3623 1657 3657 1714 3714 1715 3715 1716 3716 1722 3722 1742 3742
30 2030 59 2059 27 2027 236 2236 115 2115 316 2316 90 2090 341 2341 370 2370 376 2376 407 2407 829 2829 845 2845 855 2855 881 2881 882 2882 890 2890 834 2834 904 2904 947 2947 1068 3068 1254 3254 1371 3371 1376 3376 1299 3299 1392 3392 1408 3408 1410 3410 1420 3420 1462 3462 1555 3555 1574 3574 1583 3583 1594 3594 1637 3637 1650 3650 1648 3648 1671 3671 1710 3710
9 2009 95 2095 167 2167 184 2184 323 2323 310 2310 336 2336 340 2340 365 2365 289 2289 531 2531 532 2532 557 2557 660 2660 640 2640 647 2647 692 2692 681 2681 695 2695 762 2762 822 2822 851 2851 909 2909 1088 3088 1089 3089 1645 3645 1630 3630 1658 3658 1667 3667 1699 3699
7 2007 109 2109 126 2126 227 2227 246 2246 241 2241 352 2352 440 2440 451 2451 452 2452 476 2476 170 2170 493 2493 537 2537 603 2603 546 2546 704 2704 738 2738 740 2740 814 2814 827 2827 812 2812 853 2853 859 2859 877 2877 885 2885 935 2935 1154 3154 1703 3703 1705 3705 1706 3706 1709 3709 1711 3711 1735 3735 1744 3744 1627 3627 1750 3750 1751 3751
19 2019 83 2083 234 2234 235 2235 321 2321 368 2368 404 2404 347 2347 473 2473 249 2249 417 2417 556 2556 1097 3097 1098 3098 1101 3101 1112 3112 1116 3116 1124 3124 1246 3246 212 2212 1282 3282 1308 3308 1320 3320 1397 3397 1414 3414 1400 3400 1432 3432 1429 3429 1332 3332 1472 3472 1575 3575 1593 3593 1638 3638 1677 3677 1678 3678
35 2035 25 2025 139 2139 301 2301 303 2303 309 2309 296 2296 322 2322 371 2371 699 2699 703 2703 684 2684 734 2734 710 2710 766 2766 788 2788 790 2790 806 2806 607 2607 826 2826 856 2856 1085 3085 1086 3086 1092 3092 1121 3121 1129 3129 1155 3155 1515 3515 1535 3535 1625 3625 998 2998 1608 3608 1647 3647 1761 3761 1763 3763 1767 3767
31 2031 85 2085 267 2267 268 2268 274 2274 385 2385 402 2402 436 2436 708 2708 729 2729 743 2743 754 2754 764 2764 787 2787 910 2910 913 2913 930 2930 934 2934 938 2938 1181 3181 1267 3267 1271 3271 1272 3272 1279 3279 1335 3335 1336 3336 1482 3482 1327 3327 1479 3479 1533 3533 1576 3576 1560 3560 1587 3587 1599 3599 1517 3517 1626 3626 1639 3639 1642 3642 1696 3696 1736 3736 1738 3738 1774 3774
26 2026 64 2064 106 2106 399 2399 401 2401 435 2435 414 2414 465 2465 484 2484 483 2483 547 2547 549 2549 503 2503 555 2555 810 2810 883 2883 891 2891 908 2908 969 2969 963 2963 923 2923 994 2994 1041 3041 1801 3801 1799 3799 1806 3806 1808 3808 1777 3777 1652 3652 1824 3824 1830 3830 1831 3831 1818 3818
28 2028 63 2063 141 2141 199 2199 278 2278 305 2305 314 2314 319 2319 348 2348 387 2387 439 2439 520 2520 534 2534 625 2625 589 2589 585 2585 639 2639 886 2886 1099 3099 1102 3102 1106 3106 1117 3117 1253 3253 1255 3255 1357 3357 1364 3364 1344 3344 1368 3368 1369 3369 1349 3349 1470 3470 1471 3471 1687 3687 1770 3770 1827 3827
39 2039 158 2158 87 2087 179 2179 238 2238 275 2275 273 2273 334 2334 1036 3036 1039 3039 1033 3033 127 2127 1053 3053 1075 3075 1077 3077 1087 3087 1103 3103 1094 3094 1042 3042 1126 3126 1128 3128 1133 3133 1359 3359 1363 3363 1370 3370 1663 3663 1673 3673 1398 3398 1676 3676 1680 3680 1175 3175 1486 3486 1694 3694 1697 3697 1689 3689 1771 3771 1787 3787 1793 3793
32 2032 122 2122 266 2266 163 2163 270 2270 313 2313 353 2353 382 2382 406 2406 711 2711 726 2726 731 2731 1132 3132 1134 3134 1108 3108 1156 3156 378 2378 892 2892 1171 3171 1207 3207 1214 3214 1212 3212 1235 3235 1338 3338 1379 3379 1467 3467 1452 3452 1551 3551 1552 3552 1572 3572 1606 3606 1632 3632 1656 3656
40 2040 105 2105 220 2220 229 2229 510 2510 517 2517 524 2524 375 2375 540 2540 756 2756 758 2758 759 2759 779 2779 784 2784 956 2956 1076 3076 1150 3150 1210 3210 1230 3230 1252 3252 1241 3241 1273 3273 1276 3276 1283 3283 1298 3298 1388 3388 1395 3395 1415 3415 1425 3425 1443 3443 1466 3466 1433 3433 1505 3505 1582 3582 1679 3679 1795 3795
36 2036 123 2123 160 2160 157 2157 161 2161 233 2233 1035 3035 1037 3037 1040 3040 1081 3081 1079 3079 1130 3130 1131 3131 1113 3113 1137 3137 1146 3146 1152 3152 1163 3163 1166 3166 1202 3202 1221 3221 1227 3227 1136 3136 1215 3215 1263 3263 1265 3265 1274 3274 1275 3275 1421 3421 1477 3477 1478 3478 1504 3504 1514 3514 1511 3511 1588 3588 1597 3597 1644 3644
43 2043 68 2068 138 2138 159 2159 364 2364 372 2372 388 2388 16 2016 433 2433 612 2612 613 2613 624 2624 631 2631 635 2635 24 2024 515 2515 642 2642 705 2705 712 2712 713 2713 727 2727 744 2744 745 2745 1304 3304 1312 3312 1313 3313 1315 3315 1424 3424 1796 3796 1619 3619 1825 3825 1828 3828 1834 3834
4 2004 144 2144 2 2002 252 2252 256 2256 302 2302 437 2437 449 2449 535 2535 602 2602 605 2605 696 2696 719 2719 722 2722 898 2898 1107 3107 1119 3119 1147 3147 1160 3160 1193 3193 1251 3251 1234 3234 1305 3305 1277 3277 1334 3334 1423 3423 1463 3463 1377 3377 1481 3481 1516 3516 1521 3521 1764 3764
45 2045 1 2001 137 2137 143 2143 1066 3066 1069 3069 1071 3071 1073 3073 1063 3063 1078 3078 1080 3080 1091 3091 1118 3118 1120 3120 1122 3122 1123 3123 1161 3161 1165 3165 1167 3167 1196 3196 627 2627 1205 3205 1278 3278 1280 3280 1258 3258 1381 3381 1396 3396 1403 3403 1409 3409 1758 3758 1768 3768 1769 3769 1775 3775 1776 3776 1745 3745 1802 3802 1807 3807
18 2018 3 2003 218 2218 219 2219 398 2398 390 2390 409 2409 463 2463 453 2453 475 2475 480 2480 604 2604 911 2911 918 2918 820 2820 941 2941 897 2897 671 2671 1029 3029 1034 3034 1061 3061 1109 3109 1186 3186 1203 3203 1249 3249 1250 3250 1387 3387 1448 3448 1739 3739 1753 3753 1765 3765
46 2046 60 2060 224 2224 226 2226 230 2230 306 2306 410 2410 403 2403 415 2415 618 2618 619 2619 478 2478 732 2732 746 2746 749 2749 750 2750 751 2751 765 2765 789 2789 809 2809 931 2931 940 2940 1358 3358 1382 3382 1386 3386 1341 3341 1399 3399 1365 3365 1413 3413 1439 3439 1752 3752 1797 3797 1798 3798
47 2047 50 2050 166 2166 74 2074 181 2181 182 2182 307 2307 360 2360 363 2363 1082 3082 1083 3083 1084 3084 1090 3090 1030 3030 1093 3093 1095 3095 1096 3096 1319 3319 1306 3306 1322 3322 1329 3329 1330 3330 1321 3321 1340 3340 1197 3197 1372 3372 1375 3375 1522 3522 1532 3532 1586 3586 1664 3664 1668 3668 1700 3700 1702 3702
15 2015 116 2116 111 2111 232 2232 237 2237 346 2346 339 2339 350 2350 351 2351 674 2674 707 2707 718 2718 755 2755 761 2761 1148 3148 1149 3149 1164 3164 1173 3173 1211 3211 1208 3208 1217 3217 1168 3168 1218 3218 1422 3422 1441 3441 1473 3473 1474 3474 1480 3480 1540 3540 1554 3554 1526 3526 1596 3596 1601 3601 1641 3641 1660 3660 1670 3670 1672 3672
48 2048 76 2076 164 2164 250 2250 342 2342 291 2291 356 2356 369 2369 614 2614 621 2621 622 2622 1100 3100 1104 3104 1110 3110 1111 3111 1142 3142 1143 3143 1144 3144 1191 3191 1115 3115 1194 3194 1145 3145 1231 3231 1256 3256 1259 3259 1266 3266 1281 3281 1339 3339 1356 3356 1426 3426 1430 3430 1431 3431 1791 3791 1792 3792 1794 3794
