instance61_nreq1000_nveh20_gamma879
27 1027 15 1015 18 1018 66 1066 121 1121 123 1123 145 1145 204 1204 206 1206 233 1233 49 1049 259 1259 258 1258 263 1263 501 1501 619 1619 582 1582 635 1635 653 1653 658 1658 651 1651 660 1660 733 1733 708 1708 609 1609 752 1752 757 1757
54 1054 31 1031 55 1055 92 1092 19 1019 126 1126 141 1141 42 1042 151 1151 182 1182 298 1298 302 1302 310 1310 313 1313 321 1321 323 1323 350 1350 314 1314 356 1356 363 1363 364 1364 385 1385 398 1398 403 1403 667 1667 669 1669 659 1659 665 1665 671 1671 673 1673 675 1675 677 1677 693 1693 703 1703 727 1727 728 1728 729 1729 740 1740 744 1744 746 1746
4 1004 56 1056 16 1016 89 1089 130 1130 187 1187 116 1116 172 1172 207 1207 213 1213 220 1220 222 1222 223 1223 224 1224 252 1252 255 1255 247 1247 262 1262 268 1268 368 1368 393 1393 414 1414 442 1442 443 1443 445 1445 383 1383 459 1459 463 1463 464 1464 468 1468 482 1482 484 1484 515 1515 518 1518 517 1517 520 1520 519 1519 507 1507 523 1523 569 1569 580 1580 581 1581 575 1575 618 1618 625 1625 595 1595 631 1631 633 1633 706 1706 735 1735 755 1755 832 1832 847 1847 785 1785 848 1848 841 1841 589 1589 853 1853 871 1871 890 1890 895 1895 896 1896 902 1902
46 1046 26 1026 62 1062 91 1091 114 1114 119 1119 132 1132 156 1156 112 1112 166 1166 200 1200 217 1217 205 1205 228 1228 348 1348 334 1334 280 1280 382 1382 305 1305 397 1397 279 1279 405 1405 407 1407 496 1496 498 1498 503 1503 505 1505 506 1506 525 1525 540 1540 544 1544 548 1548 550 1550 584 1584 600 1600 612 1612 613 1613 626 1626 644 1644 645 1645 637 1637 652 1652 655 1655 657 1657 666 1666 678 1678 685 1685 688 1688 747 1747
23 1023 32 1032 10 1010 100 1100 97 1097 14 1014 40 1040 131 1131 140 1140 315 1315 320 1320 322 1322 324 1324 340 1340 319 1319 351 1351 418 1418 419 1419 59 1059 420 1420 451 1451 454 1454 455 1455 467 1467 483 1483 504 1504 509 1509 510 1510 607 1607 611 1611 632 1632 648 1648 680 1680 696 1696 709 1709 646 1646 716 1716
9 1009 17 1017 53 1053 90 1090 122 1122 161 1161 168 1168 162 1162 110 1110 148 1148 181 1181 185 1185 211 1211 215 1215 234 1234 243 1243 371 1371 366 1366 374 1374 375 1375 466 1466 358 1358 478 1478 545 1545 547 1547 552 1552 553 1553 432 1432 473 1473 556 1556 476 1476 564 1564 614 1614 615 1615 624 1624 627 1627 630 1630 636 1636 634 1634 641 1641 649 1649 692 1692 712 1712 751 1751 854 1854 856 1856 875 1875 877 1877 881 1881 885 1885 886 1886 894 1894 787 1787
72 1072 7 1007 61 1061 105 1105 118 1118 136 1136 34 1034 146 1146 212 1212 231 1231 143 1143 221 1221 235 1235 240 1240 328 1328 329 1329 367 1367 372 1372 401 1401 395 1395 412 1412 452 1452 456 1456 457 1457 449 1449 465 1465 471 1471 488 1488 25 1025 500 1500 438 1438 218 1218 514 1514 513 1513 516 1516 524 1524 526 1526 528 1528 529 1529 530 1530 542 1542 543 1543 568 1568 578 1578 605 1605 272 1272 628 1628 642 1642 753 1753 761 1761 764 1764 606 1606 769 1769 795 1795 796 1796 887 1887
29 1029 13 1013 73 1073 138 1138 144 1144 153 1153 68 1068 76 1076 163 1163 193 1193 249 1249 251 1251 332 1332 331 1331 333 1333 341 1341
47 1047 24 1024 95 1095 107 1107 117 1117 125 1125 165 1165 174 1174 183 1183 239 1239 244 1244 281 1281 282 1282 293 1293 300 1300 303 1303 294 1294 306 1306 335 1335 686 1686 690 1690 700 1700 704 1704 705 1705 707 1707 171 1171 711 1711 715 1715 717 1717 710 1710 722 1722 723 1723 725 1725 726 1726 750 1750 737 1737 773 1773 790 1790 801 1801 802 1802 816 1816 823 1823 826 1826 828 1828 833 1833 827 1827 800 1800 836 1836 837 1837 840 1840 846 1846 855 1855
33 1033 43 1043 38 1038 80 1080 71 1071 82 1082 154 1154 175 1175 270 1270 271 1271 158 1158 210 1210 41 1041 277 1277 387 1387 388 1388 508 1508 551 1551 557 1557 559 1559 562 1562 362 1362 566 1566 610 1610 617 1617 622 1622 623 1623 639 1639 400 1400 647 1647 650 1650 654 1654 620 1620 664 1664 668 1668 699 1699 702 1702 713 1713 731 1731 734 1734 808 1808 809 1809
39 1039 48 1048 79 1079 11 1011 111 1111 64 1064 152 1152 155 1155 164 1164 192 1192 194 1194 202 1202 242 1242 241 1241 261 1261 189 1189 265 1265 266 1266 269 1269 276 1276 291 1291 308 1308 327 1327 338 1338 346 1346 343 1343 370 1370 380 1380 391 1391 415 1415 638 1638 629 1629 643 1643 656 1656 663 1663 679 1679 681 1681 521 1521 682 1682 695 1695 738 1738 742 1742 762 1762 760 1760 771 1771 777 1777 778 1778 779 1779 522 1522 783 1783 782 1782 788 1788 791 1791 792 1792 830 1830 844 1844 845 1845 852 1852 857 1857 142 1142 859 1859 858 1858 862 1862
35 1035 50 1050 104 1104 74 1074 115 1115 127 1127 186 1186 188 1188 190 1190 78 1078 196 1196 230 1230 601 1601 602 1602 697 1697 701 1701 714 1714 724 1724 732 1732 766 1766 768 1768 813 1813 817 1817 824 1824 825 1825 820 1820 829 1829 831 1831
5 1005 20 1020 87 1087 88 1088 96 1096 135 1135 137 1137 273 1273 278 1278 232 1232 264 1264 238 1238 297 1297 292 1292 309 1309 311 1311 209 1209 290 1290 326 1326 317 1317 337 1337 349 1349 587 1587 591 1591 554 1554 616 1616 758 1758 763 1763 774 1774 775 1775 781 1781 784 1784 446 1446 789 1789 861 1861 849 1849 860 1860 873 1873 874 1874 876 1876 851 1851 883 1883 884 1884 888 1888 891 1891 872 1872 899 1899 903 1903
44 1044 36 1036 81 1081 85 1085 169 1169 170 1170 208 1208 21 1021 229 1229 237 1237 256 1256 287 1287 288 1288 312 1312 316 1316 318 1318 307 1307 336 1336 353 1353 352 1352 357 1357 354 1354 197 1197 101 1101 365 1365 379 1379 381 1381 376 1376 390 1390
28 1028 3 1003 70 1070 58 1058 52 1052 139 1139 198 1198 191 1191 120 1120 203 1203 84 1084 216 1216 219 1219 406 1406 408 1408 409 1409 425 1425 426 1426 448 1448 296 1296 453 1453 460 1460 486 1486 493 1493 492 1492 495 1495 499 1499 511 1511 512 1512 532 1532 534 1534 539 1539 546 1546 549 1549 572 1572 573 1573 576 1576 481 1481 579 1579 588 1588 590 1590 597 1597 603 1603 661 1661 739 1739 745 1745 749 1749 721 1721 754 1754 748 1748 756 1756 759 1759 797 1797 765 1765 799 1799 776 1776 807 1807 814 1814 806 1806 818 1818 674 1674 839 1839 867 1867 878 1878 882 1882
12 1012 69 1069 63 1063 60 1060 65 1065 134 1134 289 1289 260 1260 295 1295 299 1299 301 1301 339 1339 342 1342 345 1345 462 1462 470 1470 458 1458 469 1469 474 1474 475 1475 461 1461 441 1441 489 1489 274 1274 497 1497 536 1536 538 1538 541 1541 563 1563 585 1585 586 1586 583 1583 594 1594 662 1662 684 1684 687 1687 683 1683 691 1691 720 1720 770 1770 786 1786 793 1793 803 1803 805 1805
6 1006 83 1083 86 1086 99 1099 103 1103 106 1106 176 1176 177 1177 178 1178 179 1179 227 1227 199 1199 236 1236 246 1246 253 1253 254 1254 267 1267 275 1275 283 1283 384 1384 389 1389 394 1394 373 1373 195 1195 404 1404 410 1410 124 1124 413 1413 416 1416 399 1399 423 1423 430 1430 428 1428 417 1417 434 1434 435 1435 436 1436 447 1447 863 1863 868 1868 870 1870 850 1850 879 1879 835 1835 900 1900 865 1865
8 1008 51 1051 37 1037 75 1075 167 1167 180 1180 173 1173 184 1184 157 1157 201 1201 214 1214 57 1057 225 1225 226 1226 245 1245 248 1248 250 1250 325 1325 330 1330 355 1355 369 1369 378 1378 386 1386 396 1396 422 1422 421 1421 429 1429 440 1440 450 1450 472 1472 477 1477 479 1479 480 1480 485 1485 490 1490 491 1491
1 1001 45 1045 30 1030 77 1077 98 1098 128 1128 133 1133 147 1147 159 1159 160 1160 284 1284 285 1285 286 1286 304 1304 344 1344 347 1347 359 1359 360 1360 427 1427 411 1411 433 1433 437 1437 424 1424 439 1439 377 1377 431 1431 444 1444
22 1022 67 1067 94 1094 109 1109 108 1108 113 1113 149 1149 527 1527 531 1531 533 1533 535 1535 537 1537 558 1558 561 1561 565 1565 570 1570 560 1560 567 1567 571 1571 577 1577 592 1592 494 1494 596 1596 598 1598 361 1361 604 1604 599 1599 593 1593 608 1608 621 1621 670 1670 672 1672 689 1689 698 1698 718 1718 719 1719 730 1730 736 1736 741 1741 743 1743 772 1772 794 1794 804 1804 798 1798 810 1810 811 1811 812 1812 815 1815 821 1821 822 1822 834 1834 838 1838 842 1842 843 1843 864 1864 866 1866 880 1880 889 1889
